# Continuous evolution trace log
global_time,t,x,a
0.000000,0.000000,0.000000,5.000000
0.101110,0.101110,0.505550,5.000000
0.202220,0.202220,1.011100,5.000000
0.303330,0.303330,1.516650,5.000000
0.404440,0.404440,2.022200,5.000000
0.505550,0.505550,2.527750,5.000000
0.606660,0.606660,3.033300,5.000000
0.707770,0.707770,3.538850,5.000000
0.808880,0.808880,4.044400,5.000000
0.909990,0.909990,4.549950,5.000000
1.011100,1.011100,5.055500,5.000000
global_time,t,x,a
1.011100,0.000000,5.055500,5.000000
1.112210,0.101110,5.561050,5.000000
1.213320,0.202220,6.066600,5.000000
1.314430,0.303330,6.572150,5.000000
1.415540,0.404440,7.077700,5.000000
1.516650,0.505550,7.583250,5.000000
1.617760,0.606660,8.088800,5.000000
1.718870,0.707770,8.594350,5.000000
1.819980,0.808880,9.099900,5.000000
1.921090,0.909990,9.605450,5.000000
2.022200,1.011100,10.111000,5.000000
global_time,t,x,a
2.022200,0.000000,10.111000,5.000000
2.123310,0.101110,10.616550,5.000000
2.224420,0.202220,11.122100,5.000000
2.325530,0.303330,11.627650,5.000000
2.426640,0.404440,12.133200,5.000000
2.527750,0.505550,12.638750,5.000000
2.628860,0.606660,13.144300,5.000000
2.729970,0.707770,13.649850,5.000000
2.831080,0.808880,14.155400,5.000000
2.932190,0.909990,14.660950,5.000000
3.033300,1.011100,15.166500,5.000000
global_time,t,x,a
3.033300,0.000000,15.166500,5.000000
3.134410,0.101110,15.672050,5.000000
3.235520,0.202220,16.177600,5.000000
3.336630,0.303330,16.683150,5.000000
3.437740,0.404440,17.188700,5.000000
3.538850,0.505550,17.694250,5.000000
3.639960,0.606660,18.199800,5.000000
3.741070,0.707770,18.705350,5.000000
3.842180,0.808880,19.210900,5.000000
3.943290,0.909990,19.716450,5.000000
4.044400,1.011100,20.222000,5.000000
global_time,t,x,a
4.044400,0.000000,20.222000,5.000000
4.145510,0.101110,20.727550,5.000000
4.246620,0.202220,21.233100,5.000000
4.347730,0.303330,21.738650,5.000000
4.448840,0.404440,22.244200,5.000000
4.549950,0.505550,22.749750,5.000000
4.651060,0.606660,23.255300,5.000000
4.752170,0.707770,23.760850,5.000000
4.853280,0.808880,24.266400,5.000000
4.954390,0.909990,24.771950,5.000000
5.055500,1.011100,25.277500,5.000000
global_time,t,x,a
5.055500,0.000000,25.277500,5.000000
5.156610,0.101110,25.783050,5.000000
5.257720,0.202220,26.288600,5.000000
5.358830,0.303330,26.794150,5.000000
5.459940,0.404440,27.299700,5.000000
5.561050,0.505550,27.805250,5.000000
5.662160,0.606660,28.310800,5.000000
5.763270,0.707770,28.816350,5.000000
5.864380,0.808880,29.321900,5.000000
5.965490,0.909990,29.827450,5.000000
6.066600,1.011100,30.333000,5.000000
global_time,t,x,a
6.066600,0.000000,30.333000,5.000000
6.167710,0.101110,30.838550,5.000000
6.268820,0.202220,31.344100,5.000000
6.369930,0.303330,31.849650,5.000000
6.471040,0.404440,32.355200,5.000000
6.572150,0.505550,32.860750,5.000000
6.673260,0.606660,33.366300,5.000000
6.774370,0.707770,33.871850,5.000000
6.875480,0.808880,34.377400,5.000000
6.976590,0.909990,34.882950,5.000000
7.077700,1.011100,35.388500,5.000000
global_time,t,x,a
7.077700,0.000000,35.388500,5.000000
7.178810,0.101110,35.894050,5.000000
7.279920,0.202220,36.399600,5.000000
7.381030,0.303330,36.905150,5.000000
7.482140,0.404440,37.410700,5.000000
7.583250,0.505550,37.916250,5.000000
7.684360,0.606660,38.421800,5.000000
7.785470,0.707770,38.927350,5.000000
7.886580,0.808880,39.432900,5.000000
7.987690,0.909990,39.938450,5.000000
8.088800,1.011100,40.444000,5.000000
global_time,t,x,a
8.088800,0.000000,40.444000,5.000000
8.189910,0.101110,40.949550,5.000000
8.291020,0.202220,41.455100,5.000000
8.392130,0.303330,41.960650,5.000000
8.493240,0.404440,42.466200,5.000000
8.594350,0.505550,42.971750,5.000000
8.695460,0.606660,43.477300,5.000000
8.796570,0.707770,43.982850,5.000000
8.897680,0.808880,44.488400,5.000000
8.998790,0.909990,44.993950,5.000000
9.099900,1.011100,45.499500,5.000000
global_time,t,x,a
9.099900,0.000000,45.499500,5.000000
9.201010,0.101110,46.005050,5.000000
9.302120,0.202220,46.510600,5.000000
9.403230,0.303330,47.016150,5.000000
9.504340,0.404440,47.521700,5.000000
9.605450,0.505550,48.027250,5.000000
9.706560,0.606660,48.532800,5.000000
9.807670,0.707770,49.038350,5.000000
9.908780,0.808880,49.543900,5.000000
10.009890,0.909990,50.049450,5.000000
10.111000,1.011100,50.555000,5.000000
global_time,t,x,a
10.111000,0.000000,50.555000,5.000000
10.212110,0.101110,51.060550,5.000000
10.313220,0.202220,51.566100,5.000000
10.414330,0.303330,52.071650,5.000000
10.515440,0.404440,52.577200,5.000000
10.616550,0.505550,53.082750,5.000000
10.717660,0.606660,53.588300,5.000000
10.818770,0.707770,54.093850,5.000000
10.919880,0.808880,54.599400,5.000000
11.020990,0.909990,55.104950,5.000000
11.122100,1.011100,55.610500,5.000000
global_time,t,x,a
11.122100,0.000000,55.610500,5.000000
11.223210,0.101110,56.116050,5.000000
11.324320,0.202220,56.621600,5.000000
11.425430,0.303330,57.127150,5.000000
11.526540,0.404440,57.632700,5.000000
11.627650,0.505550,58.138250,5.000000
11.728760,0.606660,58.643800,5.000000
11.829870,0.707770,59.149350,5.000000
11.930980,0.808880,59.654900,5.000000
12.032090,0.909990,60.160450,5.000000
12.133200,1.011100,60.666000,5.000000
global_time,t,x,a
12.133200,0.000000,60.666000,5.000000
12.234310,0.101110,61.171550,5.000000
12.335420,0.202220,61.677100,5.000000
12.436530,0.303330,62.182650,5.000000
12.537640,0.404440,62.688200,5.000000
12.638750,0.505550,63.193750,5.000000
12.739860,0.606660,63.699300,5.000000
12.840970,0.707770,64.204850,5.000000
12.942080,0.808880,64.710400,5.000000
13.043190,0.909990,65.215950,5.000000
13.144300,1.011100,65.721500,5.000000
global_time,t,x,a
13.144300,0.000000,65.721500,5.000000
13.245410,0.101110,66.227050,5.000000
13.346520,0.202220,66.732600,5.000000
13.447630,0.303330,67.238150,5.000000
13.548740,0.404440,67.743700,5.000000
13.649850,0.505550,68.249250,5.000000
13.750960,0.606660,68.754800,5.000000
13.852070,0.707770,69.260350,5.000000
13.953180,0.808880,69.765900,5.000000
14.054290,0.909990,70.271450,5.000000
14.155400,1.011100,70.777000,5.000000
global_time,t,x,a
14.155400,0.000000,70.777000,5.000000
14.256510,0.101110,71.282550,5.000000
14.357620,0.202220,71.788100,5.000000
14.458730,0.303330,72.293650,5.000000
14.559840,0.404440,72.799200,5.000000
14.660950,0.505550,73.304750,5.000000
14.762060,0.606660,73.810300,5.000000
14.863170,0.707770,74.315850,5.000000
14.964280,0.808880,74.821400,5.000000
15.065390,0.909990,75.326950,5.000000
15.166500,1.011100,75.832500,5.000000
global_time,t,x,a
15.166500,0.000000,75.832500,5.000000
15.267610,0.101110,76.338050,5.000000
15.368720,0.202220,76.843600,5.000000
15.469830,0.303330,77.349150,5.000000
15.570940,0.404440,77.854700,5.000000
15.672050,0.505550,78.360250,5.000000
15.773160,0.606660,78.865800,5.000000
15.874270,0.707770,79.371350,5.000000
15.975380,0.808880,79.876900,5.000000
16.076490,0.909990,80.382450,5.000000
16.177600,1.011100,80.888000,5.000000
global_time,t,x,a
16.177600,0.000000,80.888000,5.000000
16.278710,0.101110,81.393550,5.000000
16.379820,0.202220,81.899100,5.000000
16.480930,0.303330,82.404650,5.000000
16.582040,0.404440,82.910200,5.000000
16.683150,0.505550,83.415750,5.000000
16.784260,0.606660,83.921300,5.000000
16.885370,0.707770,84.426850,5.000000
16.986480,0.808880,84.932400,5.000000
17.087590,0.909990,85.437950,5.000000
17.188700,1.011100,85.943500,5.000000
global_time,t,x,a
17.188700,0.000000,85.943500,5.000000
17.289810,0.101110,86.449050,5.000000
17.390920,0.202220,86.954600,5.000000
17.492030,0.303330,87.460150,5.000000
17.593140,0.404440,87.965700,5.000000
17.694250,0.505550,88.471250,5.000000
17.795360,0.606660,88.976800,5.000000
17.896470,0.707770,89.482350,5.000000
17.997580,0.808880,89.987900,5.000000
18.098690,0.909990,90.493450,5.000000
18.199800,1.011100,90.999000,5.000000
global_time,t,x,a
18.199800,0.000000,90.999000,5.000000
18.300910,0.101110,91.504550,5.000000
18.402020,0.202220,92.010100,5.000000
18.503130,0.303330,92.515650,5.000000
18.604240,0.404440,93.021200,5.000000
18.705350,0.505550,93.526750,5.000000
18.806460,0.606660,94.032300,5.000000
18.907570,0.707770,94.537850,5.000000
19.008680,0.808880,95.043400,5.000000
19.109790,0.909990,95.548950,5.000000
19.210900,1.011100,96.054500,5.000000
global_time,t,x,a
19.210900,0.000000,96.054500,5.000000
19.312010,0.101110,96.560050,5.000000
19.413120,0.202220,97.065600,5.000000
19.514230,0.303330,97.571150,5.000000
19.615340,0.404440,98.076700,5.000000
19.716450,0.505550,98.582250,5.000000
19.817560,0.606660,99.087800,5.000000
19.918670,0.707770,99.593350,5.000000
20.019780,0.808880,100.098900,5.000000
20.120890,0.909990,100.604450,5.000000
20.222000,1.011100,101.110000,5.000000
global_time,t,x,a
20.222000,0.000000,101.110000,5.000000
20.323110,0.101110,101.615550,5.000000
20.424220,0.202220,102.121100,5.000000
20.525330,0.303330,102.626650,5.000000
20.626440,0.404440,103.132200,5.000000
20.727550,0.505550,103.637750,5.000000
20.828660,0.606660,104.143300,5.000000
20.929770,0.707770,104.648850,5.000000
21.030880,0.808880,105.154400,5.000000
21.131990,0.909990,105.659950,5.000000
21.233100,1.011100,106.165500,5.000000
global_time,t,x,a
21.233100,0.000000,106.165500,5.000000
21.334210,0.101110,106.671050,5.000000
21.435320,0.202220,107.176600,5.000000
21.536430,0.303330,107.682150,5.000000
21.637540,0.404440,108.187700,5.000000
21.738650,0.505550,108.693250,5.000000
21.839760,0.606660,109.198800,5.000000
21.940870,0.707770,109.704350,5.000000
22.041980,0.808880,110.209900,5.000000
22.143090,0.909990,110.715450,5.000000
22.244200,1.011100,111.221000,5.000000
global_time,t,x,a
22.244200,0.000000,111.221000,5.000000
22.345310,0.101110,111.726550,5.000000
22.446420,0.202220,112.232100,5.000000
22.547530,0.303330,112.737650,5.000000
22.648640,0.404440,113.243200,5.000000
22.749750,0.505550,113.748750,5.000000
22.850860,0.606660,114.254300,5.000000
22.951970,0.707770,114.759850,5.000000
23.053080,0.808880,115.265400,5.000000
23.154190,0.909990,115.770950,5.000000
23.255300,1.011100,116.276500,5.000000
global_time,t,x,a
23.255300,0.000000,116.276500,5.000000
23.356410,0.101110,116.782050,5.000000
23.457520,0.202220,117.287600,5.000000
23.558630,0.303330,117.793150,5.000000
23.659740,0.404440,118.298700,5.000000
23.760850,0.505550,118.804250,5.000000
23.861960,0.606660,119.309800,5.000000
23.963070,0.707770,119.815350,5.000000
24.064180,0.808880,120.320900,5.000000
24.165290,0.909990,120.826450,5.000000
24.266400,1.011100,121.332000,5.000000
global_time,t,x,a
24.266400,0.000000,121.332000,5.000000
24.367510,0.101110,121.837550,5.000000
24.468620,0.202220,122.343100,5.000000
24.569730,0.303330,122.848650,5.000000
24.670840,0.404440,123.354200,5.000000
24.771950,0.505550,123.859750,5.000000
24.873060,0.606660,124.365300,5.000000
24.974170,0.707770,124.870850,5.000000
25.075280,0.808880,125.376400,5.000000
25.176390,0.909990,125.881950,5.000000
25.277500,1.011100,126.387500,5.000000
global_time,t,x,a
25.277500,0.000000,126.387500,5.000000
25.378610,0.101110,126.893050,5.000000
25.479720,0.202220,127.398600,5.000000
25.580830,0.303330,127.904150,5.000000
25.681940,0.404440,128.409700,5.000000
25.783050,0.505550,128.915250,5.000000
25.884160,0.606660,129.420800,5.000000
25.985270,0.707770,129.926350,5.000000
26.086380,0.808880,130.431900,5.000000
26.187490,0.909990,130.937450,5.000000
26.288600,1.011100,131.443000,5.000000
global_time,t,x,a
26.288600,0.000000,131.443000,5.000000
26.389710,0.101110,131.948550,5.000000
26.490820,0.202220,132.454100,5.000000
26.591930,0.303330,132.959650,5.000000
26.693040,0.404440,133.465200,5.000000
26.794150,0.505550,133.970750,5.000000
26.895260,0.606660,134.476300,5.000000
26.996370,0.707770,134.981850,5.000000
27.097480,0.808880,135.487400,5.000000
27.198590,0.909990,135.992950,5.000000
27.299700,1.011100,136.498500,5.000000
global_time,t,x,a
27.299700,0.000000,136.498500,5.000000
27.400810,0.101110,137.004050,5.000000
27.501920,0.202220,137.509600,5.000000
27.603030,0.303330,138.015150,5.000000
27.704140,0.404440,138.520700,5.000000
27.805250,0.505550,139.026250,5.000000
27.906360,0.606660,139.531800,5.000000
28.007470,0.707770,140.037350,5.000000
28.108580,0.808880,140.542900,5.000000
28.209690,0.909990,141.048450,5.000000
28.310800,1.011100,141.554000,5.000000
global_time,t,x,a
28.310800,0.000000,141.554000,5.000000
28.411910,0.101110,142.059550,5.000000
28.513020,0.202220,142.565100,5.000000
28.614130,0.303330,143.070650,5.000000
28.715240,0.404440,143.576200,5.000000
28.816350,0.505550,144.081750,5.000000
28.917460,0.606660,144.587300,5.000000
29.018570,0.707770,145.092850,5.000000
29.119680,0.808880,145.598400,5.000000
29.220790,0.909990,146.103950,5.000000
29.321900,1.011100,146.609500,5.000000
global_time,t,x,a
29.321900,0.000000,146.609500,5.000000
29.423010,0.101110,147.115050,5.000000
29.524120,0.202220,147.620600,5.000000
29.625230,0.303330,148.126150,5.000000
29.726340,0.404440,148.631700,5.000000
29.827450,0.505550,149.137250,5.000000
29.928560,0.606660,149.642800,5.000000
30.029670,0.707770,150.148350,5.000000
30.130780,0.808880,150.653900,5.000000
30.231890,0.909990,151.159450,5.000000
30.333000,1.011100,151.665000,5.000000
global_time,t,x,a
30.333000,0.000000,151.665000,5.000000
30.434110,0.101110,152.170550,5.000000
30.535220,0.202220,152.676100,5.000000
30.636330,0.303330,153.181650,5.000000
30.737440,0.404440,153.687200,5.000000
30.838550,0.505550,154.192750,5.000000
30.939660,0.606660,154.698300,5.000000
31.040770,0.707770,155.203850,5.000000
31.141880,0.808880,155.709400,5.000000
31.242990,0.909990,156.214950,5.000000
31.344100,1.011100,156.720500,5.000000
global_time,t,x,a
31.344100,0.000000,156.720500,5.000000
31.445210,0.101110,157.226050,5.000000
31.546320,0.202220,157.731600,5.000000
31.647430,0.303330,158.237150,5.000000
31.748540,0.404440,158.742700,5.000000
31.849650,0.505550,159.248250,5.000000
31.950760,0.606660,159.753800,5.000000
32.051870,0.707770,160.259350,5.000000
32.152980,0.808880,160.764900,5.000000
32.254090,0.909990,161.270450,5.000000
32.355200,1.011100,161.776000,5.000000
global_time,t,x,a
32.355200,0.000000,161.776000,5.000000
32.456310,0.101110,162.281550,5.000000
32.557420,0.202220,162.787100,5.000000
32.658530,0.303330,163.292650,5.000000
32.759640,0.404440,163.798200,5.000000
32.860750,0.505550,164.303750,5.000000
32.961860,0.606660,164.809300,5.000000
33.062970,0.707770,165.314850,5.000000
33.164080,0.808880,165.820400,5.000000
33.265190,0.909990,166.325950,5.000000
33.366300,1.011100,166.831500,5.000000
global_time,t,x,a
33.366300,0.000000,166.831500,5.000000
33.467410,0.101110,167.337050,5.000000
33.568520,0.202220,167.842600,5.000000
33.669630,0.303330,168.348150,5.000000
33.770740,0.404440,168.853700,5.000000
33.871850,0.505550,169.359250,5.000000
33.972960,0.606660,169.864800,5.000000
34.074070,0.707770,170.370350,5.000000
34.175180,0.808880,170.875900,5.000000
34.276290,0.909990,171.381450,5.000000
34.377400,1.011100,171.887000,5.000000
global_time,t,x,a
34.377400,0.000000,171.887000,5.000000
34.478510,0.101110,172.392550,5.000000
34.579620,0.202220,172.898100,5.000000
34.680730,0.303330,173.403650,5.000000
34.781840,0.404440,173.909200,5.000000
34.882950,0.505550,174.414750,5.000000
34.984060,0.606660,174.920300,5.000000
35.085170,0.707770,175.425850,5.000000
35.186280,0.808880,175.931400,5.000000
35.287390,0.909990,176.436950,5.000000
35.388500,1.011100,176.942500,5.000000
global_time,t,x,a
35.388500,0.000000,176.942500,5.000000
35.489610,0.101110,177.448050,5.000000
35.590720,0.202220,177.953600,5.000000
35.691830,0.303330,178.459150,5.000000
35.792940,0.404440,178.964700,5.000000
35.894050,0.505550,179.470250,5.000000
35.995160,0.606660,179.975800,5.000000
36.096270,0.707770,180.481350,5.000000
36.197380,0.808880,180.986900,5.000000
36.298490,0.909990,181.492450,5.000000
36.399600,1.011100,181.998000,5.000000
global_time,t,x,a
36.399600,0.000000,181.998000,5.000000
36.500710,0.101110,182.503550,5.000000
36.601820,0.202220,183.009100,5.000000
36.702930,0.303330,183.514650,5.000000
36.804040,0.404440,184.020200,5.000000
36.905150,0.505550,184.525750,5.000000
37.006260,0.606660,185.031300,5.000000
37.107370,0.707770,185.536850,5.000000
37.208480,0.808880,186.042400,5.000000
37.309590,0.909990,186.547950,5.000000
37.410700,1.011100,187.053500,5.000000
global_time,t,x,a
37.410700,0.000000,187.053500,5.000000
37.511810,0.101110,187.559050,5.000000
37.612920,0.202220,188.064600,5.000000
37.714030,0.303330,188.570150,5.000000
37.815140,0.404440,189.075700,5.000000
37.916250,0.505550,189.581250,5.000000
38.017360,0.606660,190.086800,5.000000
38.118470,0.707770,190.592350,5.000000
38.219580,0.808880,191.097900,5.000000
38.320690,0.909990,191.603450,5.000000
38.421800,1.011100,192.109000,5.000000
global_time,t,x,a
38.421800,0.000000,192.109000,5.000000
38.522910,0.101110,192.614550,5.000000
38.624020,0.202220,193.120100,5.000000
38.725130,0.303330,193.625650,5.000000
38.826240,0.404440,194.131200,5.000000
38.927350,0.505550,194.636750,5.000000
39.028460,0.606660,195.142300,5.000000
39.129570,0.707770,195.647850,5.000000
39.230680,0.808880,196.153400,5.000000
39.331790,0.909990,196.658950,5.000000
39.432900,1.011100,197.164500,5.000000
global_time,t,x,a
39.432900,0.000000,197.164500,5.000000
39.534010,0.101110,197.670050,5.000000
39.635120,0.202220,198.175600,5.000000
39.736230,0.303330,198.681150,5.000000
39.837340,0.404440,199.186700,5.000000
39.938450,0.505550,199.692250,5.000000
40.039560,0.606660,200.197800,5.000000
40.140670,0.707770,200.703350,5.000000
40.241780,0.808880,201.208900,5.000000
40.342890,0.909990,201.714450,5.000000
40.444000,1.011100,202.220000,5.000000
global_time,t,x,a
40.444000,0.000000,202.220000,5.000000
40.545110,0.101110,202.725550,5.000000
40.646220,0.202220,203.231100,5.000000
40.747330,0.303330,203.736650,5.000000
40.848440,0.404440,204.242200,5.000000
40.949550,0.505550,204.747750,5.000000
41.050660,0.606660,205.253300,5.000000
41.151770,0.707770,205.758850,5.000000
41.252880,0.808880,206.264400,5.000000
41.353990,0.909990,206.769950,5.000000
41.455100,1.011100,207.275500,5.000000
global_time,t,x,a
41.455100,0.000000,207.275500,5.000000
41.556210,0.101110,207.781050,5.000000
41.657320,0.202220,208.286600,5.000000
41.758430,0.303330,208.792150,5.000000
41.859540,0.404440,209.297700,5.000000
41.960650,0.505550,209.803250,5.000000
42.061760,0.606660,210.308800,5.000000
42.162870,0.707770,210.814350,5.000000
42.263980,0.808880,211.319900,5.000000
42.365090,0.909990,211.825450,5.000000
42.466200,1.011100,212.331000,5.000000
global_time,t,x,a
42.466200,0.000000,212.331000,5.000000
42.567310,0.101110,212.836550,5.000000
42.668420,0.202220,213.342100,5.000000
42.769530,0.303330,213.847650,5.000000
42.870640,0.404440,214.353200,5.000000
42.971750,0.505550,214.858750,5.000000
43.072860,0.606660,215.364300,5.000000
43.173970,0.707770,215.869850,5.000000
43.275080,0.808880,216.375400,5.000000
43.376190,0.909990,216.880950,5.000000
43.477300,1.011100,217.386500,5.000000
global_time,t,x,a
43.477300,0.000000,217.386500,5.000000
43.578410,0.101110,217.892050,5.000000
43.679520,0.202220,218.397600,5.000000
43.780630,0.303330,218.903150,5.000000
43.881740,0.404440,219.408700,5.000000
43.982850,0.505550,219.914250,5.000000
44.083960,0.606660,220.419800,5.000000
44.185070,0.707770,220.925350,5.000000
44.286180,0.808880,221.430900,5.000000
44.387290,0.909990,221.936450,5.000000
44.488400,1.011100,222.442000,5.000000
global_time,t,x,a
44.488400,0.000000,222.442000,5.000000
44.589510,0.101110,222.947550,5.000000
44.690620,0.202220,223.453100,5.000000
44.791730,0.303330,223.958650,5.000000
44.892840,0.404440,224.464200,5.000000
44.993950,0.505550,224.969750,5.000000
45.095060,0.606660,225.475300,5.000000
45.196170,0.707770,225.980850,5.000000
45.297280,0.808880,226.486400,5.000000
45.398390,0.909990,226.991950,5.000000
45.499500,1.011100,227.497500,5.000000
global_time,t,x,a
45.499500,0.000000,227.497500,5.000000
45.600610,0.101110,228.003050,5.000000
45.701720,0.202220,228.508600,5.000000
45.802830,0.303330,229.014150,5.000000
45.903940,0.404440,229.519700,5.000000
46.005050,0.505550,230.025250,5.000000
46.106160,0.606660,230.530800,5.000000
46.207270,0.707770,231.036350,5.000000
46.308380,0.808880,231.541900,5.000000
46.409490,0.909990,232.047450,5.000000
46.510600,1.011100,232.553000,5.000000
global_time,t,x,a
46.510600,0.000000,232.553000,5.000000
46.611710,0.101110,233.058550,5.000000
46.712820,0.202220,233.564100,5.000000
46.813930,0.303330,234.069650,5.000000
46.915040,0.404440,234.575200,5.000000
47.016150,0.505550,235.080750,5.000000
47.117260,0.606660,235.586300,5.000000
47.218370,0.707770,236.091850,5.000000
47.319480,0.808880,236.597400,5.000000
47.420590,0.909990,237.102950,5.000000
47.521700,1.011100,237.608500,5.000000
global_time,t,x,a
47.521700,0.000000,237.608500,5.000000
47.622810,0.101110,238.114050,5.000000
47.723920,0.202220,238.619600,5.000000
47.825030,0.303330,239.125150,5.000000
47.926140,0.404440,239.630700,5.000000
48.027250,0.505550,240.136250,5.000000
48.128360,0.606660,240.641800,5.000000
48.229470,0.707770,241.147350,5.000000
48.330580,0.808880,241.652900,5.000000
48.431690,0.909990,242.158450,5.000000
48.532800,1.011100,242.664000,5.000000
global_time,t,x,a
48.532800,0.000000,242.664000,5.000000
48.633910,0.101110,243.169550,5.000000
48.735020,0.202220,243.675100,5.000000
48.836130,0.303330,244.180650,5.000000
48.937240,0.404440,244.686200,5.000000
49.038350,0.505550,245.191750,5.000000
49.139460,0.606660,245.697300,5.000000
49.240570,0.707770,246.202850,5.000000
49.341680,0.808880,246.708400,5.000000
49.442790,0.909990,247.213950,5.000000
49.543900,1.011100,247.719500,5.000000
global_time,t,x,a
49.543900,0.000000,247.719500,5.000000
49.645010,0.101110,248.225050,5.000000
49.746120,0.202220,248.730600,5.000000
49.847230,0.303330,249.236150,5.000000
49.948340,0.404440,249.741700,5.000000
50.049450,0.505550,250.247250,5.000000
50.150560,0.606660,250.752800,5.000000
50.251670,0.707770,251.258350,5.000000
50.352780,0.808880,251.763900,5.000000
50.453890,0.909990,252.269450,5.000000
50.555000,1.011100,252.775000,5.000000
global_time,t,x,a
50.555000,0.000000,252.775000,5.000000
50.656110,0.101110,253.280550,5.000000
50.757220,0.202220,253.786100,5.000000
50.858330,0.303330,254.291650,5.000000
50.959440,0.404440,254.797200,5.000000
51.060550,0.505550,255.302750,5.000000
51.161660,0.606660,255.808300,5.000000
51.262770,0.707770,256.313850,5.000000
51.363880,0.808880,256.819400,5.000000
51.464990,0.909990,257.324950,5.000000
51.566100,1.011100,257.830500,5.000000
global_time,t,x,a
51.566100,0.000000,257.830500,5.000000
51.667210,0.101110,258.336050,5.000000
51.768320,0.202220,258.841600,5.000000
51.869430,0.303330,259.347150,5.000000
51.970540,0.404440,259.852700,5.000000
52.071650,0.505550,260.358250,5.000000
52.172760,0.606660,260.863800,5.000000
52.273870,0.707770,261.369350,5.000000
52.374980,0.808880,261.874900,5.000000
52.476090,0.909990,262.380450,5.000000
52.577200,1.011100,262.886000,5.000000
global_time,t,x,a
52.577200,0.000000,262.886000,5.000000
52.678310,0.101110,263.391550,5.000000
52.779420,0.202220,263.897100,5.000000
52.880530,0.303330,264.402650,5.000000
52.981640,0.404440,264.908200,5.000000
53.082750,0.505550,265.413750,5.000000
53.183860,0.606660,265.919300,5.000000
53.284970,0.707770,266.424850,5.000000
53.386080,0.808880,266.930400,5.000000
53.487190,0.909990,267.435950,5.000000
53.588300,1.011100,267.941500,5.000000
global_time,t,x,a
53.588300,0.000000,267.941500,5.000000
53.689410,0.101110,268.447050,5.000000
53.790520,0.202220,268.952600,5.000000
53.891630,0.303330,269.458150,5.000000
53.992740,0.404440,269.963700,5.000000
54.093850,0.505550,270.469250,5.000000
54.194960,0.606660,270.974800,5.000000
54.296070,0.707770,271.480350,5.000000
54.397180,0.808880,271.985900,5.000000
54.498290,0.909990,272.491450,5.000000
54.599400,1.011100,272.997000,5.000000
global_time,t,x,a
54.599400,0.000000,272.997000,5.000000
54.700510,0.101110,273.502550,5.000000
54.801620,0.202220,274.008100,5.000000
54.902730,0.303330,274.513650,5.000000
55.003840,0.404440,275.019200,5.000000
55.104950,0.505550,275.524750,5.000000
55.206060,0.606660,276.030300,5.000000
55.307170,0.707770,276.535850,5.000000
55.408280,0.808880,277.041400,5.000000
55.509390,0.909990,277.546950,5.000000
55.610500,1.011100,278.052500,5.000000
global_time,t,x,a
55.610500,0.000000,278.052500,5.000000
55.711610,0.101110,278.558050,5.000000
55.812720,0.202220,279.063600,5.000000
55.913830,0.303330,279.569150,5.000000
56.014940,0.404440,280.074700,5.000000
56.116050,0.505550,280.580250,5.000000
56.217160,0.606660,281.085800,5.000000
56.318270,0.707770,281.591350,5.000000
56.419380,0.808880,282.096900,5.000000
56.520490,0.909990,282.602450,5.000000
56.621600,1.011100,283.108000,5.000000
global_time,t,x,a
56.621600,0.000000,283.108000,5.000000
56.722710,0.101110,283.613550,5.000000
56.823820,0.202220,284.119100,5.000000
56.924930,0.303330,284.624650,5.000000
57.026040,0.404440,285.130200,5.000000
57.127150,0.505550,285.635750,5.000000
57.228260,0.606660,286.141300,5.000000
57.329370,0.707770,286.646850,5.000000
57.430480,0.808880,287.152400,5.000000
57.531590,0.909990,287.657950,5.000000
57.632700,1.011100,288.163500,5.000000
global_time,t,x,a
57.632700,0.000000,288.163500,5.000000
57.733810,0.101110,288.669050,5.000000
57.834920,0.202220,289.174600,5.000000
57.936030,0.303330,289.680150,5.000000
58.037140,0.404440,290.185700,5.000000
58.138250,0.505550,290.691250,5.000000
58.239360,0.606660,291.196800,5.000000
58.340470,0.707770,291.702350,5.000000
58.441580,0.808880,292.207900,5.000000
58.542690,0.909990,292.713450,5.000000
58.643800,1.011100,293.219000,5.000000
global_time,t,x,a
58.643800,0.000000,293.219000,5.000000
58.744910,0.101110,293.724550,5.000000
58.846020,0.202220,294.230100,5.000000
58.947130,0.303330,294.735650,5.000000
59.048240,0.404440,295.241200,5.000000
59.149350,0.505550,295.746750,5.000000
59.250460,0.606660,296.252300,5.000000
59.351570,0.707770,296.757850,5.000000
59.452680,0.808880,297.263400,5.000000
59.553790,0.909990,297.768950,5.000000
59.654900,1.011100,298.274500,5.000000
global_time,t,x,a
59.654900,0.000000,298.274500,5.000000
59.756010,0.101110,298.780050,5.000000
59.857120,0.202220,299.285600,5.000000
59.958230,0.303330,299.791150,5.000000
60.059340,0.404440,300.296700,5.000000
60.160450,0.505550,300.802250,5.000000
60.261560,0.606660,301.307800,5.000000
60.362670,0.707770,301.813350,5.000000
60.463780,0.808880,302.318900,5.000000
60.564890,0.909990,302.824450,5.000000
60.666000,1.011100,303.330000,5.000000
global_time,t,x,a
60.666000,0.000000,303.330000,5.000000
60.767110,0.101110,303.835550,5.000000
60.868220,0.202220,304.341100,5.000000
60.969330,0.303330,304.846650,5.000000
61.070440,0.404440,305.352200,5.000000
61.171550,0.505550,305.857750,5.000000
61.272660,0.606660,306.363300,5.000000
61.373770,0.707770,306.868850,5.000000
61.474880,0.808880,307.374400,5.000000
61.575990,0.909990,307.879950,5.000000
61.677100,1.011100,308.385500,5.000000
global_time,t,x,a
61.677100,0.000000,308.385500,5.000000
61.778210,0.101110,308.891050,5.000000
61.879320,0.202220,309.396600,5.000000
61.980430,0.303330,309.902150,5.000000
62.081540,0.404440,310.407700,5.000000
62.182650,0.505550,310.913250,5.000000
62.283760,0.606660,311.418800,5.000000
62.384870,0.707770,311.924350,5.000000
62.485980,0.808880,312.429900,5.000000
62.587090,0.909990,312.935450,5.000000
62.688200,1.011100,313.441000,5.000000
global_time,t,x,a
62.688200,0.000000,313.441000,5.000000
62.789310,0.101110,313.946550,5.000000
62.890420,0.202220,314.452100,5.000000
62.991530,0.303330,314.957650,5.000000
63.092640,0.404440,315.463200,5.000000
63.193750,0.505550,315.968750,5.000000
63.294860,0.606660,316.474300,5.000000
63.395970,0.707770,316.979850,5.000000
63.497080,0.808880,317.485400,5.000000
63.598190,0.909990,317.990950,5.000000
63.699300,1.011100,318.496500,5.000000
global_time,t,x,a
63.699300,0.000000,318.496500,5.000000
63.800410,0.101110,319.002050,5.000000
63.901520,0.202220,319.507600,5.000000
64.002630,0.303330,320.013150,5.000000
64.103740,0.404440,320.518700,5.000000
64.204850,0.505550,321.024250,5.000000
64.305960,0.606660,321.529800,5.000000
64.407070,0.707770,322.035350,5.000000
64.508180,0.808880,322.540900,5.000000
64.609290,0.909990,323.046450,5.000000
64.710400,1.011100,323.552000,5.000000
global_time,t,x,a
64.710400,0.000000,323.552000,5.000000
64.811510,0.101110,324.057550,5.000000
64.912620,0.202220,324.563100,5.000000
65.013730,0.303330,325.068650,5.000000
65.114840,0.404440,325.574200,5.000000
65.215950,0.505550,326.079750,5.000000
65.317060,0.606660,326.585300,5.000000
65.418170,0.707770,327.090850,5.000000
65.519280,0.808880,327.596400,5.000000
65.620390,0.909990,328.101950,5.000000
65.721500,1.011100,328.607500,5.000000
global_time,t,x,a
65.721500,0.000000,328.607500,5.000000
65.822610,0.101110,329.113050,5.000000
65.923720,0.202220,329.618600,5.000000
66.024830,0.303330,330.124150,5.000000
66.125940,0.404440,330.629700,5.000000
66.227050,0.505550,331.135250,5.000000
66.328160,0.606660,331.640800,5.000000
66.429270,0.707770,332.146350,5.000000
66.530380,0.808880,332.651900,5.000000
66.631490,0.909990,333.157450,5.000000
66.732600,1.011100,333.663000,5.000000
global_time,t,x,a
66.732600,0.000000,333.663000,5.000000
66.833710,0.101110,334.168550,5.000000
66.934820,0.202220,334.674100,5.000000
67.035930,0.303330,335.179650,5.000000
67.137040,0.404440,335.685200,5.000000
67.238150,0.505550,336.190750,5.000000
67.339260,0.606660,336.696300,5.000000
67.440370,0.707770,337.201850,5.000000
67.541480,0.808880,337.707400,5.000000
67.642590,0.909990,338.212950,5.000000
67.743700,1.011100,338.718500,5.000000
global_time,t,x,a
67.743700,0.000000,338.718500,5.000000
67.844810,0.101110,339.224050,5.000000
67.945920,0.202220,339.729600,5.000000
68.047030,0.303330,340.235150,5.000000
68.148140,0.404440,340.740700,5.000000
68.249250,0.505550,341.246250,5.000000
68.350360,0.606660,341.751800,5.000000
68.451470,0.707770,342.257350,5.000000
68.552580,0.808880,342.762900,5.000000
68.653690,0.909990,343.268450,5.000000
68.754800,1.011100,343.774000,5.000000
global_time,t,x,a
68.754800,0.000000,343.774000,5.000000
68.855910,0.101110,344.279550,5.000000
68.957020,0.202220,344.785100,5.000000
69.058130,0.303330,345.290650,5.000000
69.159240,0.404440,345.796200,5.000000
69.260350,0.505550,346.301750,5.000000
69.361460,0.606660,346.807300,5.000000
69.462570,0.707770,347.312850,5.000000
69.563680,0.808880,347.818400,5.000000
69.664790,0.909990,348.323950,5.000000
69.765900,1.011100,348.829500,5.000000
global_time,t,x,a
69.765900,0.000000,348.829500,5.000000
69.867010,0.101110,349.335050,5.000000
69.968120,0.202220,349.840600,5.000000
70.069230,0.303330,350.346150,5.000000
70.170340,0.404440,350.851700,5.000000
70.271450,0.505550,351.357250,5.000000
70.372560,0.606660,351.862800,5.000000
70.473670,0.707770,352.368350,5.000000
70.574780,0.808880,352.873900,5.000000
70.675890,0.909990,353.379450,5.000000
70.777000,1.011100,353.885000,5.000000
global_time,t,x,a
70.777000,0.000000,353.885000,5.000000
70.878110,0.101110,354.390550,5.000000
70.979220,0.202220,354.896100,5.000000
71.080330,0.303330,355.401650,5.000000
71.181440,0.404440,355.907200,5.000000
71.282550,0.505550,356.412750,5.000000
71.383660,0.606660,356.918300,5.000000
71.484770,0.707770,357.423850,5.000000
71.585880,0.808880,357.929400,5.000000
71.686990,0.909990,358.434950,5.000000
71.788100,1.011100,358.940500,5.000000
global_time,t,x,a
71.788100,0.000000,358.940500,5.000000
71.889210,0.101110,359.446050,5.000000
71.990320,0.202220,359.951600,5.000000
72.091430,0.303330,360.457150,5.000000
72.192540,0.404440,360.962700,5.000000
72.293650,0.505550,361.468250,5.000000
72.394760,0.606660,361.973800,5.000000
72.495870,0.707770,362.479350,5.000000
72.596980,0.808880,362.984900,5.000000
72.698090,0.909990,363.490450,5.000000
72.799200,1.011100,363.996000,5.000000
global_time,t,x,a
72.799200,0.000000,363.996000,5.000000
72.900310,0.101110,364.501550,5.000000
73.001420,0.202220,365.007100,5.000000
73.102530,0.303330,365.512650,5.000000
73.203640,0.404440,366.018200,5.000000
73.304750,0.505550,366.523750,5.000000
73.405860,0.606660,367.029300,5.000000
73.506970,0.707770,367.534850,5.000000
73.608080,0.808880,368.040400,5.000000
73.709190,0.909990,368.545950,5.000000
73.810300,1.011100,369.051500,5.000000
global_time,t,x,a
73.810300,0.000000,369.051500,5.000000
73.911410,0.101110,369.557050,5.000000
74.012520,0.202220,370.062600,5.000000
74.113630,0.303330,370.568150,5.000000
74.214740,0.404440,371.073700,5.000000
74.315850,0.505550,371.579250,5.000000
74.416960,0.606660,372.084800,5.000000
74.518070,0.707770,372.590350,5.000000
74.619180,0.808880,373.095900,5.000000
74.720290,0.909990,373.601450,5.000000
74.821400,1.011100,374.107000,5.000000
global_time,t,x,a
74.821400,0.000000,374.107000,5.000000
74.922510,0.101110,374.612550,5.000000
75.023620,0.202220,375.118100,5.000000
75.124730,0.303330,375.623650,5.000000
75.225840,0.404440,376.129200,5.000000
75.326950,0.505550,376.634750,5.000000
75.428060,0.606660,377.140300,5.000000
75.529170,0.707770,377.645850,5.000000
75.630280,0.808880,378.151400,5.000000
75.731390,0.909990,378.656950,5.000000
75.832500,1.011100,379.162500,5.000000
global_time,t,x,a
75.832500,0.000000,379.162500,5.000000
75.933610,0.101110,379.668050,5.000000
76.034720,0.202220,380.173600,5.000000
76.135830,0.303330,380.679150,5.000000
76.236940,0.404440,381.184700,5.000000
76.338050,0.505550,381.690250,5.000000
76.439160,0.606660,382.195800,5.000000
76.540270,0.707770,382.701350,5.000000
76.641380,0.808880,383.206900,5.000000
76.742490,0.909990,383.712450,5.000000
76.843600,1.011100,384.218000,5.000000
global_time,t,x,a
76.843600,0.000000,384.218000,5.000000
76.944710,0.101110,384.723550,5.000000
77.045820,0.202220,385.229100,5.000000
77.146930,0.303330,385.734650,5.000000
77.248040,0.404440,386.240200,5.000000
77.349150,0.505550,386.745750,5.000000
77.450260,0.606660,387.251300,5.000000
77.551370,0.707770,387.756850,5.000000
77.652480,0.808880,388.262400,5.000000
77.753590,0.909990,388.767950,5.000000
77.854700,1.011100,389.273500,5.000000
global_time,t,x,a
77.854700,0.000000,389.273500,5.000000
77.955810,0.101110,389.779050,5.000000
78.056920,0.202220,390.284600,5.000000
78.158030,0.303330,390.790150,5.000000
78.259140,0.404440,391.295700,5.000000
78.360250,0.505550,391.801250,5.000000
78.461360,0.606660,392.306800,5.000000
78.562470,0.707770,392.812350,5.000000
78.663580,0.808880,393.317900,5.000000
78.764690,0.909990,393.823450,5.000000
78.865800,1.011100,394.329000,5.000000
global_time,t,x,a
78.865800,0.000000,394.329000,5.000000
78.966910,0.101110,394.834550,5.000000
79.068020,0.202220,395.340100,5.000000
79.169130,0.303330,395.845650,5.000000
79.270240,0.404440,396.351200,5.000000
79.371350,0.505550,396.856750,5.000000
79.472460,0.606660,397.362300,5.000000
79.573570,0.707770,397.867850,5.000000
79.674680,0.808880,398.373400,5.000000
79.775790,0.909990,398.878950,5.000000
79.876900,1.011100,399.384500,5.000000
global_time,t,x,a
79.876900,0.000000,399.384500,5.000000
79.978010,0.101110,399.890050,5.000000
80.079120,0.202220,400.395600,5.000000
80.180230,0.303330,400.901150,5.000000
80.281340,0.404440,401.406700,5.000000
80.382450,0.505550,401.912250,5.000000
80.483560,0.606660,402.417800,5.000000
80.584670,0.707770,402.923350,5.000000
80.685780,0.808880,403.428900,5.000000
80.786890,0.909990,403.934450,5.000000
80.888000,1.011100,404.440000,5.000000
global_time,t,x,a
80.888000,0.000000,404.440000,5.000000
80.989110,0.101110,404.945550,5.000000
81.090220,0.202220,405.451100,5.000000
81.191330,0.303330,405.956650,5.000000
81.292440,0.404440,406.462200,5.000000
81.393550,0.505550,406.967750,5.000000
81.494660,0.606660,407.473300,5.000000
81.595770,0.707770,407.978850,5.000000
81.696880,0.808880,408.484400,5.000000
81.797990,0.909990,408.989950,5.000000
81.899100,1.011100,409.495500,5.000000
global_time,t,x,a
81.899100,0.000000,409.495500,10.000000
82.000210,0.101110,410.506600,10.000000
82.101320,0.202220,411.517700,10.000000
82.202430,0.303330,412.528800,10.000000
82.303540,0.404440,413.539900,10.000000
82.404650,0.505550,414.551000,10.000000
82.505760,0.606660,415.562100,10.000000
82.606870,0.707770,416.573200,10.000000
82.707980,0.808880,417.584300,10.000000
82.809090,0.909990,418.595400,10.000000
82.910200,1.011100,419.606500,10.000000
global_time,x,a
82.910200,419.606500,10.000000
83.910200,429.606500,10.000000
84.910200,439.606500,10.000000
85.910200,449.606500,10.000000
86.910200,459.606500,10.000000
87.910200,469.606500,10.000000
88.910200,479.606500,10.000000
89.910200,489.606500,10.000000
90.910200,499.606500,10.000000
91.910200,509.606500,10.000000
92.910200,519.606500,10.000000
global_time,x,a
92.910200,519.606500,10.000000
93.910200,529.606500,10.000000
94.910200,539.606500,10.000000
95.910200,549.606500,10.000000
96.910200,559.606500,10.000000
97.910200,569.606500,10.000000
98.910200,579.606500,10.000000
99.910200,589.606500,10.000000
100.910200,599.606500,10.000000
101.910200,609.606500,10.000000
102.910200,619.606500,10.000000
global_time,x,a
102.910200,619.606500,10.000000
103.910200,629.606500,10.000000
104.910200,639.606500,10.000000
105.910200,649.606500,10.000000
106.910200,659.606500,10.000000
107.910200,669.606500,10.000000
108.910200,679.606500,10.000000
109.910200,689.606500,10.000000
110.910200,699.606500,10.000000
111.910200,709.606500,10.000000
112.910200,719.606500,10.000000
global_time,x,a
112.910200,719.606500,10.000000
113.910200,729.606500,10.000000
114.910200,739.606500,10.000000
115.910200,749.606500,10.000000
116.910200,759.606500,10.000000
117.910200,769.606500,10.000000
118.910200,779.606500,10.000000
119.910200,789.606500,10.000000
120.910200,799.606500,10.000000
121.910200,809.606500,10.000000
122.910200,819.606500,10.000000
global_time,x,a
122.910200,819.606500,10.000000
123.910200,829.606500,10.000000
124.910200,839.606500,10.000000
125.910200,849.606500,10.000000
126.910200,859.606500,10.000000
127.910200,869.606500,10.000000
128.910200,879.606500,10.000000
129.910200,889.606500,10.000000
130.910200,899.606500,10.000000
131.910200,909.606500,10.000000
132.910200,919.606500,10.000000
global_time,x,a
132.910200,919.606500,10.000000
133.716850,927.673000,10.000000
134.523500,935.739501,10.000000
135.330150,943.806001,10.000000
136.136800,951.872502,10.000000
136.943450,959.939002,10.000000
137.750100,968.005502,10.000000
138.556750,976.072003,10.000000
139.363400,984.138503,10.000000
140.170050,992.205004,10.000000
140.976700,1000.271504,10.000000
