# Continuous evolution trace log
global_time,t,x,a
0.000000,0.000000,0.000000,10.000000
0.101110,0.101110,1.011100,10.000000
0.202220,0.202220,2.022200,10.000000
0.303330,0.303330,3.033300,10.000000
0.404440,0.404440,4.044400,10.000000
0.505550,0.505550,5.055500,10.000000
0.606660,0.606660,6.066600,10.000000
0.707770,0.707770,7.077700,10.000000
0.808880,0.808880,8.088800,10.000000
0.909990,0.909990,9.099900,10.000000
1.011100,1.011100,10.111000,10.000000
global_time,t,x,a
1.011100,0.000000,10.111000,10.000000
1.112210,0.101110,11.122100,10.000000
1.213320,0.202220,12.133200,10.000000
1.314430,0.303330,13.144300,10.000000
1.415540,0.404440,14.155400,10.000000
1.516650,0.505550,15.166500,10.000000
1.617760,0.606660,16.177600,10.000000
1.718870,0.707770,17.188700,10.000000
1.819980,0.808880,18.199800,10.000000
1.921090,0.909990,19.210900,10.000000
2.022200,1.011100,20.222000,10.000000
global_time,t,x,a
2.022200,0.000000,20.222000,10.000000
2.123310,0.101110,21.233100,10.000000
2.224420,0.202220,22.244200,10.000000
2.325530,0.303330,23.255300,10.000000
2.426640,0.404440,24.266400,10.000000
2.527750,0.505550,25.277500,10.000000
2.628860,0.606660,26.288600,10.000000
2.729970,0.707770,27.299700,10.000000
2.831080,0.808880,28.310800,10.000000
2.932190,0.909990,29.321900,10.000000
3.033300,1.011100,30.333000,10.000000
global_time,t,x,a
3.033300,0.000000,30.333000,10.000000
3.134410,0.101110,31.344100,10.000000
3.235520,0.202220,32.355200,10.000000
3.336630,0.303330,33.366300,10.000000
3.437740,0.404440,34.377400,10.000000
3.538850,0.505550,35.388500,10.000000
3.639960,0.606660,36.399600,10.000000
3.741070,0.707770,37.410700,10.000000
3.842180,0.808880,38.421800,10.000000
3.943290,0.909990,39.432900,10.000000
4.044400,1.011100,40.444000,10.000000
global_time,t,x,a
4.044400,0.000000,40.444000,10.000000
4.145510,0.101110,41.455100,10.000000
4.246620,0.202220,42.466200,10.000000
4.347730,0.303330,43.477300,10.000000
4.448840,0.404440,44.488400,10.000000
4.549950,0.505550,45.499500,10.000000
4.651060,0.606660,46.510600,10.000000
4.752170,0.707770,47.521700,10.000000
4.853280,0.808880,48.532800,10.000000
4.954390,0.909990,49.543900,10.000000
5.055500,1.011100,50.555000,10.000000
global_time,t,x,a
5.055500,0.000000,50.555000,10.000000
5.156610,0.101110,51.566100,10.000000
5.257720,0.202220,52.577200,10.000000
5.358830,0.303330,53.588300,10.000000
5.459940,0.404440,54.599400,10.000000
5.561050,0.505550,55.610500,10.000000
5.662160,0.606660,56.621600,10.000000
5.763270,0.707770,57.632700,10.000000
5.864380,0.808880,58.643800,10.000000
5.965490,0.909990,59.654900,10.000000
6.066600,1.011100,60.666000,10.000000
global_time,t,x,a
6.066600,0.000000,60.666000,10.000000
6.167710,0.101110,61.677100,10.000000
6.268820,0.202220,62.688200,10.000000
6.369930,0.303330,63.699300,10.000000
6.471040,0.404440,64.710400,10.000000
6.572150,0.505550,65.721500,10.000000
6.673260,0.606660,66.732600,10.000000
6.774370,0.707770,67.743700,10.000000
6.875480,0.808880,68.754800,10.000000
6.976590,0.909990,69.765900,10.000000
7.077700,1.011100,70.777000,10.000000
global_time,t,x,a
7.077700,0.000000,70.777000,10.000000
7.178810,0.101110,71.788100,10.000000
7.279920,0.202220,72.799200,10.000000
7.381030,0.303330,73.810300,10.000000
7.482140,0.404440,74.821400,10.000000
7.583250,0.505550,75.832500,10.000000
7.684360,0.606660,76.843600,10.000000
7.785470,0.707770,77.854700,10.000000
7.886580,0.808880,78.865800,10.000000
7.987690,0.909990,79.876900,10.000000
8.088800,1.011100,80.888000,10.000000
global_time,t,x,a
8.088800,0.000000,80.888000,10.000000
8.189910,0.101110,81.899100,10.000000
8.291020,0.202220,82.910200,10.000000
8.392130,0.303330,83.921300,10.000000
8.493240,0.404440,84.932400,10.000000
8.594350,0.505550,85.943500,10.000000
8.695460,0.606660,86.954600,10.000000
8.796570,0.707770,87.965700,10.000000
8.897680,0.808880,88.976800,10.000000
8.998790,0.909990,89.987900,10.000000
9.099900,1.011100,90.999000,10.000000
global_time,t,x,a
9.099900,0.000000,90.999000,10.000000
9.201010,0.101110,92.010100,10.000000
9.302120,0.202220,93.021200,10.000000
9.403230,0.303330,94.032300,10.000000
9.504340,0.404440,95.043400,10.000000
9.605450,0.505550,96.054500,10.000000
9.706560,0.606660,97.065600,10.000000
9.807670,0.707770,98.076700,10.000000
9.908780,0.808880,99.087800,10.000000
10.009890,0.909990,100.098900,10.000000
10.111000,1.011100,101.110000,10.000000
global_time,t,x,a
10.111000,0.000000,101.110000,10.000000
10.212110,0.101110,102.121100,10.000000
10.313220,0.202220,103.132200,10.000000
10.414330,0.303330,104.143300,10.000000
10.515440,0.404440,105.154400,10.000000
10.616550,0.505550,106.165500,10.000000
10.717660,0.606660,107.176600,10.000000
10.818770,0.707770,108.187700,10.000000
10.919880,0.808880,109.198800,10.000000
11.020990,0.909990,110.209900,10.000000
11.122100,1.011100,111.221000,10.000000
global_time,t,x,a
11.122100,0.000000,111.221000,10.000000
11.223210,0.101110,112.232100,10.000000
11.324320,0.202220,113.243200,10.000000
11.425430,0.303330,114.254300,10.000000
11.526540,0.404440,115.265400,10.000000
11.627650,0.505550,116.276500,10.000000
11.728760,0.606660,117.287600,10.000000
11.829870,0.707770,118.298700,10.000000
11.930980,0.808880,119.309800,10.000000
12.032090,0.909990,120.320900,10.000000
12.133200,1.011100,121.332000,10.000000
global_time,t,x,a
12.133200,0.000000,121.332000,10.000000
12.234310,0.101110,122.343100,10.000000
12.335420,0.202220,123.354200,10.000000
12.436530,0.303330,124.365300,10.000000
12.537640,0.404440,125.376400,10.000000
12.638750,0.505550,126.387500,10.000000
12.739860,0.606660,127.398600,10.000000
12.840970,0.707770,128.409700,10.000000
12.942080,0.808880,129.420800,10.000000
13.043190,0.909990,130.431900,10.000000
13.144300,1.011100,131.443000,10.000000
global_time,t,x,a
13.144300,0.000000,131.443000,10.000000
13.245410,0.101110,132.454100,10.000000
13.346520,0.202220,133.465200,10.000000
13.447630,0.303330,134.476300,10.000000
13.548740,0.404440,135.487400,10.000000
13.649850,0.505550,136.498500,10.000000
13.750960,0.606660,137.509600,10.000000
13.852070,0.707770,138.520700,10.000000
13.953180,0.808880,139.531800,10.000000
14.054290,0.909990,140.542900,10.000000
14.155400,1.011100,141.554000,10.000000
global_time,t,x,a
14.155400,0.000000,141.554000,10.000000
14.256510,0.101110,142.565100,10.000000
14.357620,0.202220,143.576200,10.000000
14.458730,0.303330,144.587300,10.000000
14.559840,0.404440,145.598400,10.000000
14.660950,0.505550,146.609500,10.000000
14.762060,0.606660,147.620600,10.000000
14.863170,0.707770,148.631700,10.000000
14.964280,0.808880,149.642800,10.000000
15.065390,0.909990,150.653900,10.000000
15.166500,1.011100,151.665000,10.000000
global_time,t,x,a
15.166500,0.000000,151.665000,10.000000
15.267610,0.101110,152.676100,10.000000
15.368720,0.202220,153.687200,10.000000
15.469830,0.303330,154.698300,10.000000
15.570940,0.404440,155.709400,10.000000
15.672050,0.505550,156.720500,10.000000
15.773160,0.606660,157.731600,10.000000
15.874270,0.707770,158.742700,10.000000
15.975380,0.808880,159.753800,10.000000
16.076490,0.909990,160.764900,10.000000
16.177600,1.011100,161.776000,10.000000
global_time,t,x,a
16.177600,0.000000,161.776000,10.000000
16.278710,0.101110,162.787100,10.000000
16.379820,0.202220,163.798200,10.000000
16.480930,0.303330,164.809300,10.000000
16.582040,0.404440,165.820400,10.000000
16.683150,0.505550,166.831500,10.000000
16.784260,0.606660,167.842600,10.000000
16.885370,0.707770,168.853700,10.000000
16.986480,0.808880,169.864800,10.000000
17.087590,0.909990,170.875900,10.000000
17.188700,1.011100,171.887000,10.000000
global_time,t,x,a
17.188700,0.000000,171.887000,10.000000
17.289810,0.101110,172.898100,10.000000
17.390920,0.202220,173.909200,10.000000
17.492030,0.303330,174.920300,10.000000
17.593140,0.404440,175.931400,10.000000
17.694250,0.505550,176.942500,10.000000
17.795360,0.606660,177.953600,10.000000
17.896470,0.707770,178.964700,10.000000
17.997580,0.808880,179.975800,10.000000
18.098690,0.909990,180.986900,10.000000
18.199800,1.011100,181.998000,10.000000
global_time,t,x,a
18.199800,0.000000,181.998000,10.000000
18.300910,0.101110,183.009100,10.000000
18.402020,0.202220,184.020200,10.000000
18.503130,0.303330,185.031300,10.000000
18.604240,0.404440,186.042400,10.000000
18.705350,0.505550,187.053500,10.000000
18.806460,0.606660,188.064600,10.000000
18.907570,0.707770,189.075700,10.000000
19.008680,0.808880,190.086800,10.000000
19.109790,0.909990,191.097900,10.000000
19.210900,1.011100,192.109000,10.000000
global_time,t,x,a
19.210900,0.000000,192.109000,10.000000
19.312010,0.101110,193.120100,10.000000
19.413120,0.202220,194.131200,10.000000
19.514230,0.303330,195.142300,10.000000
19.615340,0.404440,196.153400,10.000000
19.716450,0.505550,197.164500,10.000000
19.817560,0.606660,198.175600,10.000000
19.918670,0.707770,199.186700,10.000000
20.019780,0.808880,200.197800,10.000000
20.120890,0.909990,201.208900,10.000000
20.222000,1.011100,202.220000,10.000000
global_time,t,x,a
20.222000,0.000000,202.220000,10.000000
20.323110,0.101110,203.231100,10.000000
20.424220,0.202220,204.242200,10.000000
20.525330,0.303330,205.253300,10.000000
20.626440,0.404440,206.264400,10.000000
20.727550,0.505550,207.275500,10.000000
20.828660,0.606660,208.286600,10.000000
20.929770,0.707770,209.297700,10.000000
21.030880,0.808880,210.308800,10.000000
21.131990,0.909990,211.319900,10.000000
21.233100,1.011100,212.331000,10.000000
global_time,t,x,a
21.233100,0.000000,212.331000,10.000000
21.334210,0.101110,213.342100,10.000000
21.435320,0.202220,214.353200,10.000000
21.536430,0.303330,215.364300,10.000000
21.637540,0.404440,216.375400,10.000000
21.738650,0.505550,217.386500,10.000000
21.839760,0.606660,218.397600,10.000000
21.940870,0.707770,219.408700,10.000000
22.041980,0.808880,220.419800,10.000000
22.143090,0.909990,221.430900,10.000000
22.244200,1.011100,222.442000,10.000000
global_time,t,x,a
22.244200,0.000000,222.442000,10.000000
22.345310,0.101110,223.453100,10.000000
22.446420,0.202220,224.464200,10.000000
22.547530,0.303330,225.475300,10.000000
22.648640,0.404440,226.486400,10.000000
22.749750,0.505550,227.497500,10.000000
22.850860,0.606660,228.508600,10.000000
22.951970,0.707770,229.519700,10.000000
23.053080,0.808880,230.530800,10.000000
23.154190,0.909990,231.541900,10.000000
23.255300,1.011100,232.553000,10.000000
global_time,t,x,a
23.255300,0.000000,232.553000,10.000000
23.356410,0.101110,233.564100,10.000000
23.457520,0.202220,234.575200,10.000000
23.558630,0.303330,235.586300,10.000000
23.659740,0.404440,236.597400,10.000000
23.760850,0.505550,237.608500,10.000000
23.861960,0.606660,238.619600,10.000000
23.963070,0.707770,239.630700,10.000000
24.064180,0.808880,240.641800,10.000000
24.165290,0.909990,241.652900,10.000000
24.266400,1.011100,242.664000,10.000000
global_time,t,x,a
24.266400,0.000000,242.664000,10.000000
24.367510,0.101110,243.675100,10.000000
24.468620,0.202220,244.686200,10.000000
24.569730,0.303330,245.697300,10.000000
24.670840,0.404440,246.708400,10.000000
24.771950,0.505550,247.719500,10.000000
24.873060,0.606660,248.730600,10.000000
24.974170,0.707770,249.741700,10.000000
25.075280,0.808880,250.752800,10.000000
25.176390,0.909990,251.763900,10.000000
25.277500,1.011100,252.775000,10.000000
global_time,t,x,a
25.277500,0.000000,252.775000,10.000000
25.378610,0.101110,253.786100,10.000000
25.479720,0.202220,254.797200,10.000000
25.580830,0.303330,255.808300,10.000000
25.681940,0.404440,256.819400,10.000000
25.783050,0.505550,257.830500,10.000000
25.884160,0.606660,258.841600,10.000000
25.985270,0.707770,259.852700,10.000000
26.086380,0.808880,260.863800,10.000000
26.187490,0.909990,261.874900,10.000000
26.288600,1.011100,262.886000,10.000000
global_time,t,x,a
26.288600,0.000000,262.886000,10.000000
26.389710,0.101110,263.897100,10.000000
26.490820,0.202220,264.908200,10.000000
26.591930,0.303330,265.919300,10.000000
26.693040,0.404440,266.930400,10.000000
26.794150,0.505550,267.941500,10.000000
26.895260,0.606660,268.952600,10.000000
26.996370,0.707770,269.963700,10.000000
27.097480,0.808880,270.974800,10.000000
27.198590,0.909990,271.985900,10.000000
27.299700,1.011100,272.997000,10.000000
global_time,t,x,a
27.299700,0.000000,272.997000,10.000000
27.400810,0.101110,274.008100,10.000000
27.501920,0.202220,275.019200,10.000000
27.603030,0.303330,276.030300,10.000000
27.704140,0.404440,277.041400,10.000000
27.805250,0.505550,278.052500,10.000000
27.906360,0.606660,279.063600,10.000000
28.007470,0.707770,280.074700,10.000000
28.108580,0.808880,281.085800,10.000000
28.209690,0.909990,282.096900,10.000000
28.310800,1.011100,283.108000,10.000000
global_time,t,x,a
28.310800,0.000000,283.108000,10.000000
28.411910,0.101110,284.119100,10.000000
28.513020,0.202220,285.130200,10.000000
28.614130,0.303330,286.141300,10.000000
28.715240,0.404440,287.152400,10.000000
28.816350,0.505550,288.163500,10.000000
28.917460,0.606660,289.174600,10.000000
29.018570,0.707770,290.185700,10.000000
29.119680,0.808880,291.196800,10.000000
29.220790,0.909990,292.207900,10.000000
29.321900,1.011100,293.219000,10.000000
global_time,t,x,a
29.321900,0.000000,293.219000,10.000000
29.423010,0.101110,294.230100,10.000000
29.524120,0.202220,295.241200,10.000000
29.625230,0.303330,296.252300,10.000000
29.726340,0.404440,297.263400,10.000000
29.827450,0.505550,298.274500,10.000000
29.928560,0.606660,299.285600,10.000000
30.029670,0.707770,300.296700,10.000000
30.130780,0.808880,301.307800,10.000000
30.231890,0.909990,302.318900,10.000000
30.333000,1.011100,303.330000,10.000000
global_time,t,x,a
30.333000,0.000000,303.330000,10.000000
30.434110,0.101110,304.341100,10.000000
30.535220,0.202220,305.352200,10.000000
30.636330,0.303330,306.363300,10.000000
30.737440,0.404440,307.374400,10.000000
30.838550,0.505550,308.385500,10.000000
30.939660,0.606660,309.396600,10.000000
31.040770,0.707770,310.407700,10.000000
31.141880,0.808880,311.418800,10.000000
31.242990,0.909990,312.429900,10.000000
31.344100,1.011100,313.441000,10.000000
global_time,t,x,a
31.344100,0.000000,313.441000,5.000000
31.445210,0.101110,313.946550,5.000000
31.546320,0.202220,314.452100,5.000000
31.647430,0.303330,314.957650,5.000000
31.748540,0.404440,315.463200,5.000000
31.849650,0.505550,315.968750,5.000000
31.950760,0.606660,316.474300,5.000000
32.051870,0.707770,316.979850,5.000000
32.152980,0.808880,317.485400,5.000000
32.254090,0.909990,317.990950,5.000000
32.355200,1.011100,318.496500,5.000000
global_time,x,a
32.355200,318.496500,5.000000
33.355200,323.496500,5.000000
34.355200,328.496500,5.000000
35.355200,333.496500,5.000000
36.355200,338.496500,5.000000
37.355200,343.496500,5.000000
38.355200,348.496500,5.000000
39.355200,353.496500,5.000000
40.355200,358.496500,5.000000
41.355200,363.496500,5.000000
42.355200,368.496500,5.000000
global_time,x,a
42.355200,368.496500,5.000000
43.355200,373.496500,5.000000
44.355200,378.496500,5.000000
45.355200,383.496500,5.000000
46.355200,388.496500,5.000000
47.355200,393.496500,5.000000
48.355200,398.496500,5.000000
49.355200,403.496500,5.000000
50.355200,408.496500,5.000000
51.355200,413.496500,5.000000
52.355200,418.496500,5.000000
global_time,x,a
52.355200,418.496500,5.000000
53.355200,423.496500,5.000000
54.355200,428.496500,5.000000
55.355200,433.496500,5.000000
56.355200,438.496500,5.000000
57.355200,443.496500,5.000000
58.355200,448.496500,5.000000
59.355200,453.496500,5.000000
60.355200,458.496500,5.000000
61.355200,463.496500,5.000000
62.355200,468.496500,5.000000
global_time,x,a
62.355200,468.496500,5.000000
63.355200,473.496500,5.000000
64.355200,478.496500,5.000000
65.355200,483.496500,5.000000
66.355200,488.496500,5.000000
67.355200,493.496500,5.000000
68.355200,498.496500,5.000000
69.355200,503.496500,5.000000
70.355200,508.496500,5.000000
71.355200,513.496500,5.000000
72.355200,518.496500,5.000000
global_time,x,a
72.355200,518.496500,5.000000
73.355200,523.496500,5.000000
74.355200,528.496500,5.000000
75.355200,533.496500,5.000000
76.355200,538.496500,5.000000
77.355200,543.496500,5.000000
78.355200,548.496500,5.000000
79.355200,553.496500,5.000000
80.355200,558.496500,5.000000
81.355200,563.496500,5.000000
82.355200,568.496500,5.000000
global_time,x,a
82.355200,568.496500,5.000000
83.355200,573.496500,5.000000
84.355200,578.496500,5.000000
85.355200,583.496500,5.000000
86.355200,588.496500,5.000000
87.355200,593.496500,5.000000
88.355200,598.496500,5.000000
89.355200,603.496500,5.000000
90.355200,608.496500,5.000000
91.355200,613.496500,5.000000
92.355200,618.496500,5.000000
global_time,x,a
92.355200,618.496500,5.000000
93.355200,623.496500,5.000000
94.355200,628.496500,5.000000
95.355200,633.496500,5.000000
96.355200,638.496500,5.000000
97.355200,643.496500,5.000000
98.355200,648.496500,5.000000
99.355200,653.496500,5.000000
100.355200,658.496500,5.000000
101.355200,663.496500,5.000000
102.355200,668.496500,5.000000
global_time,x,a
102.355200,668.496500,5.000000
103.355200,673.496500,5.000000
104.355200,678.496500,5.000000
105.355200,683.496500,5.000000
106.355200,688.496500,5.000000
107.355200,693.496500,5.000000
108.355200,698.496500,5.000000
109.355200,703.496500,5.000000
110.355200,708.496500,5.000000
111.355200,713.496500,5.000000
112.355200,718.496500,5.000000
global_time,x,a
112.355200,718.496500,5.000000
113.355200,723.496500,5.000000
114.355200,728.496500,5.000000
115.355200,733.496500,5.000000
116.355200,738.496500,5.000000
117.355200,743.496500,5.000000
118.355200,748.496500,5.000000
119.355200,753.496500,5.000000
120.355200,758.496500,5.000000
121.355200,763.496500,5.000000
122.355200,768.496500,5.000000
global_time,x,a
122.355200,768.496500,5.000000
123.355200,773.496500,5.000000
124.355200,778.496500,5.000000
125.355200,783.496500,5.000000
126.355200,788.496500,5.000000
127.355200,793.496500,5.000000
128.355200,798.496500,5.000000
129.355200,803.496500,5.000000
130.355200,808.496500,5.000000
131.355200,813.496500,5.000000
132.355200,818.496500,5.000000
global_time,x,a
132.355200,818.496500,5.000000
133.355200,823.496500,5.000000
134.355200,828.496500,5.000000
135.355200,833.496500,5.000000
136.355200,838.496500,5.000000
137.355200,843.496500,5.000000
138.355200,848.496500,5.000000
139.355200,853.496500,5.000000
140.355200,858.496500,5.000000
141.355200,863.496500,5.000000
142.355200,868.496500,5.000000
global_time,x,a
142.355200,868.496500,5.000000
143.355200,873.496500,5.000000
144.355200,878.496500,5.000000
145.355200,883.496500,5.000000
146.355200,888.496500,5.000000
147.355200,893.496500,5.000000
148.355200,898.496500,5.000000
149.355200,903.496500,5.000000
150.355200,908.496500,5.000000
151.355200,913.496500,5.000000
152.355200,918.496500,5.000000
global_time,x,a
152.355200,918.496500,5.000000
153.355200,923.496500,5.000000
154.355200,928.496500,5.000000
155.355200,933.496500,5.000000
156.355200,938.496500,5.000000
157.355200,943.496500,5.000000
158.355200,948.496500,5.000000
159.355200,953.496500,5.000000
160.355200,958.496500,5.000000
161.355200,963.496500,5.000000
162.355200,968.496500,5.000000
global_time,x,a
162.355200,968.496500,5.000000
162.992918,971.685092,5.000000
163.630637,974.873684,5.000000
164.268355,978.062277,5.000000
164.906074,981.250869,5.000000
165.543792,984.439461,5.000000
166.181511,987.628053,5.000000
166.819229,990.816645,5.000000
167.456948,994.005238,5.000000
168.094666,997.193830,5.000000
168.732384,1000.382422,5.000000
