# Continuous evolution trace log
global_time,t,p,v,a
0.000000,0.000000,0.000000,0.000000,1.000000
0.101110,0.101110,0.005112,0.101110,1.000000
0.202220,0.202220,0.020446,0.202220,1.000000
0.303330,0.303330,0.046005,0.303330,1.000000
0.404440,0.404440,0.081786,0.404440,1.000000
0.505550,0.505550,0.127790,0.505550,1.000000
0.606660,0.606660,0.184018,0.606660,1.000000
0.707770,0.707770,0.250469,0.707770,1.000000
0.808880,0.808880,0.327143,0.808880,1.000000
0.909990,0.909990,0.414041,0.909990,1.000000
1.011100,1.011100,0.511162,1.011100,1.000000
global_time,t,p,v,a
1.011100,0.000000,0.511162,1.011100,1.000000
1.112210,0.101110,0.618506,1.112210,1.000000
1.213320,0.202220,0.736073,1.213320,1.000000
1.314430,0.303330,0.863863,1.314430,1.000000
1.415540,0.404440,1.001877,1.415540,1.000000
1.516650,0.505550,1.150114,1.516650,1.000000
1.617760,0.606660,1.308574,1.617760,1.000000
1.718870,0.707770,1.477257,1.718870,1.000000
1.819980,0.808880,1.656164,1.819980,1.000000
1.921090,0.909990,1.845293,1.921090,1.000000
2.022200,1.011100,2.044646,2.022200,1.000000
global_time,t,p,v,a
2.022200,0.000000,2.044646,2.022200,1.000000
2.123310,0.101110,2.254223,2.123310,1.000000
2.224420,0.202220,2.474022,2.224420,1.000000
2.325530,0.303330,2.704045,2.325530,1.000000
2.426640,0.404440,2.944291,2.426640,1.000000
2.527750,0.505550,3.194760,2.527750,1.000000
2.628860,0.606660,3.455452,2.628860,1.000000
2.729970,0.707770,3.726368,2.729970,1.000000
2.831080,0.808880,4.007507,2.831080,1.000000
2.932190,0.909990,4.298869,2.932190,1.000000
3.033300,1.011100,4.600454,3.033300,1.000000
global_time,t,p,v,a
3.033300,0.000000,4.600454,3.033300,1.000000
3.134410,0.101110,4.912263,3.134410,1.000000
3.235520,0.202220,5.234295,3.235520,1.000000
3.336630,0.303330,5.566550,3.336630,1.000000
3.437740,0.404440,5.909028,3.437740,1.000000
3.538850,0.505550,6.261730,3.538850,1.000000
3.639960,0.606660,6.624654,3.639960,1.000000
3.741070,0.707770,6.997802,3.741070,1.000000
3.842180,0.808880,7.381174,3.842180,1.000000
3.943290,0.909990,7.774768,3.943290,1.000000
4.044400,1.011100,8.178586,4.044400,1.000000
global_time,t,p,v,a
4.044400,0.000000,8.178586,4.044400,1.000000
4.145510,0.101110,8.592627,4.145510,1.000000
4.246620,0.202220,9.016891,4.246620,1.000000
4.347730,0.303330,9.451378,4.347730,1.000000
4.448840,0.404440,9.896089,4.448840,1.000000
4.549950,0.505550,10.351023,4.549950,1.000000
4.651060,0.606660,10.816180,4.651060,1.000000
4.752170,0.707770,11.291560,4.752170,1.000000
4.853280,0.808880,11.777163,4.853280,1.000000
4.954390,0.909990,12.272990,4.954390,1.000000
5.055500,1.011100,12.779040,5.055500,1.000000
global_time,t,p,v,a
5.055500,0.000000,12.779040,5.055500,1.000000
5.156610,0.101110,13.295313,5.156610,1.000000
5.257720,0.202220,13.821810,5.257720,1.000000
5.358830,0.303330,14.358529,5.358830,1.000000
5.459940,0.404440,14.905472,5.459940,1.000000
5.561050,0.505550,15.462639,5.561050,1.000000
5.662160,0.606660,16.030028,5.662160,1.000000
5.763270,0.707770,16.607641,5.763270,1.000000
5.864380,0.808880,17.195476,5.864380,1.000000
5.965490,0.909990,17.793535,5.965490,1.000000
6.066600,1.011100,18.401818,6.066600,1.000000
global_time,t,p,v,a
6.066600,0.000000,18.401818,6.066600,1.000000
6.167710,0.101110,19.020323,6.167710,1.000000
6.268820,0.202220,19.649052,6.268820,1.000000
6.369930,0.303330,20.288004,6.369930,1.000000
6.471040,0.404440,20.937179,6.471040,1.000000
6.572150,0.505550,21.596578,6.572150,1.000000
6.673260,0.606660,22.266200,6.673260,1.000000
6.774370,0.707770,22.946044,6.774370,1.000000
6.875480,0.808880,23.636113,6.875480,1.000000
6.976590,0.909990,24.336404,6.976590,1.000000
7.077700,1.011100,25.046919,7.077700,1.000000
global_time,t,p,v,a
7.077700,0.000000,25.046919,7.077700,1.000000
7.178810,0.101110,25.767657,7.178810,1.000000
7.279920,0.202220,26.498618,7.279920,1.000000
7.381030,0.303330,27.239802,7.381030,1.000000
7.482140,0.404440,27.991209,7.482140,1.000000
7.583250,0.505550,28.752840,7.583250,1.000000
7.684360,0.606660,29.524694,7.684360,1.000000
7.785470,0.707770,30.306772,7.785470,1.000000
7.886580,0.808880,31.099072,7.886580,1.000000
7.987690,0.909990,31.901596,7.987690,1.000000
8.088800,1.011100,32.714343,8.088800,1.000000
global_time,t,p,v,a
8.088800,0.000000,32.714343,8.088800,1.000000
8.189910,0.101110,33.537313,8.189910,1.000000
8.291020,0.202220,34.370506,8.291020,1.000000
8.392130,0.303330,35.213923,8.392130,1.000000
8.493240,0.404440,36.067563,8.493240,1.000000
8.594350,0.505550,36.931426,8.594350,1.000000
8.695460,0.606660,37.805512,8.695460,1.000000
8.796570,0.707770,38.689822,8.796570,1.000000
8.897680,0.808880,39.584355,8.897680,1.000000
8.998790,0.909990,40.489111,8.998790,1.000000
9.099900,1.011100,41.404090,9.099900,1.000000
global_time,t,p,v,a
9.099900,0.000000,41.404090,9.099900,1.000000
9.201010,0.101110,42.329293,9.201010,1.000000
9.302120,0.202220,43.264718,9.302120,1.000000
9.403230,0.303330,44.210367,9.403230,1.000000
9.504340,0.404440,45.166239,9.504340,1.000000
9.605450,0.505550,46.132335,9.605450,1.000000
9.706560,0.606660,47.108654,9.706560,1.000000
9.807670,0.707770,48.095195,9.807670,1.000000
9.908780,0.808880,49.091961,9.908780,1.000000
10.009890,0.909990,50.098949,10.009890,1.000000
10.111000,1.011100,51.116160,10.111000,1.000000
global_time,t,p,v,a
10.111000,0.000000,51.116160,10.111000,1.000000
10.212110,0.101110,52.143595,10.212110,1.000000
10.313220,0.202220,53.181253,10.313220,1.000000
10.414330,0.303330,54.229135,10.414330,1.000000
10.515440,0.404440,55.287239,10.515440,1.000000
10.616550,0.505550,56.355567,10.616550,1.000000
10.717660,0.606660,57.434118,10.717660,1.000000
10.818770,0.707770,58.522892,10.818770,1.000000
10.919880,0.808880,59.621890,10.919880,1.000000
11.020990,0.909990,60.731110,11.020990,1.000000
11.122100,1.011100,61.850554,11.122100,1.000000
global_time,t,p,v,a
11.122100,0.000000,61.850554,11.122100,1.000000
11.223210,0.101110,62.980221,11.223210,1.000000
11.324320,0.202220,64.120112,11.324320,1.000000
11.425430,0.303330,65.270225,11.425430,1.000000
11.526540,0.404440,66.430562,11.526540,1.000000
11.627650,0.505550,67.601122,11.627650,1.000000
11.728760,0.606660,68.781906,11.728760,1.000000
11.829870,0.707770,69.972912,11.829870,1.000000
11.930980,0.808880,71.174142,11.930980,1.000000
12.032090,0.909990,72.385595,12.032090,1.000000
12.133200,1.011100,73.607271,12.133200,1.000000
global_time,t,p,v,a
12.133200,0.000000,73.607271,12.133200,1.000000
12.234310,0.101110,74.839171,12.234310,1.000000
12.335420,0.202220,76.081293,12.335420,1.000000
12.436530,0.303330,77.333639,12.436530,1.000000
12.537640,0.404440,78.596208,12.537640,1.000000
12.638750,0.505550,79.869001,12.638750,1.000000
12.739860,0.606660,81.152016,12.739860,1.000000
12.840970,0.707770,82.445255,12.840970,1.000000
12.942080,0.808880,83.748717,12.942080,1.000000
13.043190,0.909990,85.062403,13.043190,1.000000
13.144300,1.011100,86.386311,13.144300,1.000000
global_time,t,p,v,a
13.144300,0.000000,86.386311,13.144300,1.000000
13.245410,0.101110,87.720443,13.245410,1.000000
13.346520,0.202220,89.064798,13.346520,1.000000
13.447630,0.303330,90.419376,13.447630,1.000000
13.548740,0.404440,91.784178,13.548740,1.000000
13.649850,0.505550,93.159203,13.649850,1.000000
13.750960,0.606660,94.544450,13.750960,1.000000
13.852070,0.707770,95.939922,13.852070,1.000000
13.953180,0.808880,97.345616,13.953180,1.000000
14.054290,0.909990,98.761534,14.054290,1.000000
14.155400,1.011100,100.187675,14.155400,1.000000
global_time,t,p,v,a
14.155400,0.000000,100.187675,14.155400,1.000000
14.256510,0.101110,101.624039,14.256510,1.000000
14.357620,0.202220,103.070626,14.357620,1.000000
14.458730,0.303330,104.527437,14.458730,1.000000
14.559840,0.404440,105.994470,14.559840,1.000000
14.660950,0.505550,107.471727,14.660950,1.000000
14.762060,0.606660,108.959208,14.762060,1.000000
14.863170,0.707770,110.456911,14.863170,1.000000
14.964280,0.808880,111.964838,14.964280,1.000000
15.065390,0.909990,113.482988,15.065390,1.000000
15.166500,1.011100,115.011361,15.166500,1.000000
global_time,t,p,v,a
15.166500,0.000000,115.011361,15.166500,1.000000
15.267610,0.101110,116.549958,15.267610,1.000000
15.368720,0.202220,118.098777,15.368720,1.000000
15.469830,0.303330,119.657820,15.469830,1.000000
15.570940,0.404440,121.227086,15.570940,1.000000
15.672050,0.505550,122.806576,15.672050,1.000000
15.773160,0.606660,124.396288,15.773160,1.000000
15.874270,0.707770,125.996224,15.874270,1.000000
15.975380,0.808880,127.606383,15.975380,1.000000
16.076490,0.909990,129.226765,16.076490,1.000000
16.177600,1.011100,130.857371,16.177600,1.000000
global_time,t,p,v,a
16.177600,0.000000,130.857371,16.177600,1.000000
16.278710,0.101110,132.498200,16.278710,1.000000
16.379820,0.202220,134.149252,16.379820,1.000000
16.480930,0.303330,135.810527,16.480930,1.000000
16.582040,0.404440,137.482025,16.582040,1.000000
16.683150,0.505550,139.163747,16.683150,1.000000
16.784260,0.606660,140.855692,16.784260,1.000000
16.885370,0.707770,142.557860,16.885370,1.000000
16.986480,0.808880,144.270251,16.986480,1.000000
17.087590,0.909990,145.992866,17.087590,1.000000
17.188700,1.011100,147.725704,17.188700,1.000000
global_time,t,p,v,a
17.188700,0.000000,147.725704,17.188700,1.000000
17.289810,0.101110,149.468765,17.289810,1.000000
17.390920,0.202220,151.222049,17.390920,1.000000
17.492030,0.303330,152.985557,17.492030,1.000000
17.593140,0.404440,154.759288,17.593140,1.000000
17.694250,0.505550,156.543242,17.694250,1.000000
17.795360,0.606660,158.337419,17.795360,1.000000
17.896470,0.707770,160.141819,17.896470,1.000000
17.997580,0.808880,161.956443,17.997580,1.000000
18.098690,0.909990,163.781290,18.098690,1.000000
18.199800,1.011100,165.616360,18.199800,1.000000
global_time,t,p,v,a
18.199800,0.000000,165.616360,18.199800,1.000000
18.300910,0.101110,167.461653,18.300910,1.000000
18.402020,0.202220,169.317170,18.402020,1.000000
18.503130,0.303330,171.182910,18.503130,1.000000
18.604240,0.404440,173.058873,18.604240,1.000000
18.705350,0.505550,174.945059,18.705350,1.000000
18.806460,0.606660,176.841469,18.806460,1.000000
18.907570,0.707770,178.748102,18.907570,1.000000
19.008680,0.808880,180.664958,19.008680,1.000000
19.109790,0.909990,182.592037,19.109790,1.000000
19.210900,1.011100,184.529339,19.210900,1.000000
global_time,t,p,v,a
19.210900,0.000000,184.529339,19.210900,1.000000
19.312010,0.101110,186.476865,19.312010,1.000000
19.413120,0.202220,188.434614,19.413120,1.000000
19.514230,0.303330,190.402586,19.514230,1.000000
19.615340,0.404440,192.380782,19.615340,1.000000
19.716450,0.505550,194.369200,19.716450,1.000000
19.817560,0.606660,196.367842,19.817560,1.000000
19.918670,0.707770,198.376707,19.918670,1.000000
20.019780,0.808880,200.395796,20.019780,1.000000
20.120890,0.909990,202.425107,20.120890,1.000000
20.222000,1.011100,204.464642,20.222000,1.000000
global_time,t,p,v,a
20.222000,0.000000,204.464642,20.222000,1.000000
20.323110,0.101110,206.514400,20.323110,1.000000
20.424220,0.202220,208.574381,20.424220,1.000000
20.525330,0.303330,210.644586,20.525330,1.000000
20.626440,0.404440,212.725014,20.626440,1.000000
20.727550,0.505550,214.815665,20.727550,1.000000
20.828660,0.606660,216.916539,20.828660,1.000000
20.929770,0.707770,219.027636,20.929770,1.000000
21.030880,0.808880,221.148957,21.030880,1.000000
21.131990,0.909990,223.280501,21.131990,1.000000
21.233100,1.011100,225.422268,21.233100,1.000000
global_time,t,p,v,a
21.233100,0.000000,225.422268,21.233100,1.000000
21.334210,0.101110,227.574258,21.334210,1.000000
21.435320,0.202220,229.736472,21.435320,1.000000
21.536430,0.303330,231.908909,21.536430,1.000000
21.637540,0.404440,234.091569,21.637540,1.000000
21.738650,0.505550,236.284452,21.738650,1.000000
21.839760,0.606660,238.487558,21.839760,1.000000
21.940870,0.707770,240.700888,21.940870,1.000000
22.041980,0.808880,242.924441,22.041980,1.000000
22.143090,0.909990,245.158217,22.143090,1.000000
22.244200,1.011100,247.402217,22.244200,1.000000
global_time,t,p,v,a
22.244200,0.000000,247.402217,22.244200,1.000000
22.345310,0.101110,249.656439,22.345310,1.000000
22.446420,0.202220,251.920885,22.446420,1.000000
22.547530,0.303330,254.195555,22.547530,1.000000
22.648640,0.404440,256.480447,22.648640,1.000000
22.749750,0.505550,258.775563,22.749750,1.000000
22.850860,0.606660,261.080901,22.850860,1.000000
22.951970,0.707770,263.396463,22.951970,1.000000
23.053080,0.808880,265.722249,23.053080,1.000000
23.154190,0.909990,268.058257,23.154190,1.000000
23.255300,1.011100,270.404489,23.255300,1.000000
global_time,t,p,v,a
23.255300,0.000000,270.404489,23.255300,1.000000
23.356410,0.101110,272.760944,23.356410,1.000000
23.457520,0.202220,275.127622,23.457520,1.000000
23.558630,0.303330,277.504524,23.558630,1.000000
23.659740,0.404440,279.891648,23.659740,1.000000
23.760850,0.505550,282.288996,23.760850,1.000000
23.861960,0.606660,284.696568,23.861960,1.000000
23.963070,0.707770,287.114362,23.963070,1.000000
24.064180,0.808880,289.542380,24.064180,1.000000
24.165290,0.909990,291.980620,24.165290,1.000000
24.266400,1.011100,294.429084,24.266400,1.000000
global_time,t,p,v,a
24.266400,0.000000,294.429084,24.266400,1.000000
24.367510,0.101110,296.887772,24.367510,1.000000
24.468620,0.202220,299.356682,24.468620,1.000000
24.569730,0.303330,301.835816,24.569730,1.000000
24.670840,0.404440,304.325173,24.670840,1.000000
24.771950,0.505550,306.824753,24.771950,1.000000
24.873060,0.606660,309.334557,24.873060,1.000000
24.974170,0.707770,311.854584,24.974170,1.000000
25.075280,0.808880,314.384834,25.075280,1.000000
25.176390,0.909990,316.925307,25.176390,1.000000
25.277500,1.011100,319.476003,25.277500,1.000000
global_time,t,p,v,a
25.277500,0.000000,319.476003,25.277500,1.000000
25.378610,0.101110,322.036923,25.378610,1.000000
25.479720,0.202220,324.608066,25.479720,1.000000
25.580830,0.303330,327.189432,25.580830,1.000000
25.681940,0.404440,329.781021,25.681940,1.000000
25.783050,0.505550,332.382834,25.783050,1.000000
25.884160,0.606660,334.994869,25.884160,1.000000
25.985270,0.707770,337.617128,25.985270,1.000000
26.086380,0.808880,340.249611,26.086380,1.000000
26.187490,0.909990,342.892316,26.187490,1.000000
26.288600,1.011100,345.545245,26.288600,1.000000
global_time,t,p,v,a
26.288600,0.000000,345.545245,26.288600,1.000000
26.389710,0.101110,348.208397,26.389710,1.000000
26.490820,0.202220,350.881772,26.490820,1.000000
26.591930,0.303330,353.565371,26.591930,1.000000
26.693040,0.404440,356.259192,26.693040,1.000000
26.794150,0.505550,358.963237,26.794150,1.000000
26.895260,0.606660,361.677505,26.895260,1.000000
26.996370,0.707770,364.401997,26.996370,1.000000
27.097480,0.808880,367.136711,27.097480,1.000000
27.198590,0.909990,369.881649,27.198590,1.000000
27.299700,1.011100,372.636810,27.299700,1.000000
global_time,t,p,v,a
27.299700,0.000000,372.636810,27.299700,1.000000
27.400810,0.101110,375.402194,27.400810,1.000000
27.501920,0.202220,378.177802,27.501920,1.000000
27.603030,0.303330,380.963633,27.603030,1.000000
27.704140,0.404440,383.759687,27.704140,1.000000
27.805250,0.505550,386.565964,27.805250,1.000000
27.906360,0.606660,389.382464,27.906360,1.000000
28.007470,0.707770,392.209188,28.007470,1.000000
28.108580,0.808880,395.046135,28.108580,1.000000
28.209690,0.909990,397.893305,28.209690,1.000000
28.310800,1.011100,400.750698,28.310800,1.000000
global_time,t,p,v,a
28.310800,0.000000,400.750698,28.310800,1.000000
28.411910,0.101110,403.618315,28.411910,1.000000
28.513020,0.202220,406.496155,28.513020,1.000000
28.614130,0.303330,409.384218,28.614130,1.000000
28.715240,0.404440,412.282504,28.715240,1.000000
28.816350,0.505550,415.191014,28.816350,1.000000
28.917460,0.606660,418.109746,28.917460,1.000000
29.018570,0.707770,421.038702,29.018570,1.000000
29.119680,0.808880,423.977882,29.119680,1.000000
29.220790,0.909990,426.927284,29.220790,1.000000
29.321900,1.011100,429.886910,29.321900,1.000000
global_time,t,p,v,a
29.321900,0.000000,429.886910,29.321900,1.000000
29.423010,0.101110,432.856759,29.423010,1.000000
29.524120,0.202220,435.836831,29.524120,1.000000
29.625230,0.303330,438.827126,29.625230,1.000000
29.726340,0.404440,441.827645,29.726340,1.000000
29.827450,0.505550,444.838387,29.827450,1.000000
29.928560,0.606660,447.859352,29.928560,1.000000
30.029670,0.707770,450.890540,30.029670,1.000000
30.130780,0.808880,453.931952,30.130780,1.000000
30.231890,0.909990,456.983586,30.231890,1.000000
30.333000,1.011100,460.045445,30.333000,1.000000
global_time,t,p,v,a
30.333000,0.000000,460.045445,30.333000,1.000000
30.434110,0.101110,463.117526,30.434110,1.000000
30.535220,0.202220,466.199830,30.535220,1.000000
30.636330,0.303330,469.292358,30.636330,1.000000
30.737440,0.404440,472.395109,30.737440,1.000000
30.838550,0.505550,475.508083,30.838550,1.000000
30.939660,0.606660,478.631280,30.939660,1.000000
31.040770,0.707770,481.764701,31.040770,1.000000
31.141880,0.808880,484.908345,31.141880,1.000000
31.242990,0.909990,488.062212,31.242990,1.000000
31.344100,1.011100,491.226302,31.344100,1.000000
global_time,t,p,v,a
31.344100,0.000000,491.226302,31.344100,1.000000
31.445210,0.101110,494.400616,31.445210,1.000000
31.546320,0.202220,497.585153,31.546320,1.000000
31.647430,0.303330,500.779913,31.647430,1.000000
31.748540,0.404440,503.984896,31.748540,1.000000
31.849650,0.505550,507.200103,31.849650,1.000000
31.950760,0.606660,510.425532,31.950760,1.000000
32.051870,0.707770,513.661185,32.051870,1.000000
32.152980,0.808880,516.907061,32.152980,1.000000
32.254090,0.909990,520.163161,32.254090,1.000000
32.355200,1.011100,523.429484,32.355200,1.000000
global_time,t,p,v,a
32.355200,0.000000,523.429484,32.355200,1.000000
32.456310,0.101110,526.706029,32.456310,1.000000
32.557420,0.202220,529.992799,32.557420,1.000000
32.658530,0.303330,533.289791,32.658530,1.000000
32.759640,0.404440,536.597006,32.759640,1.000000
32.860750,0.505550,539.914445,32.860750,1.000000
32.961860,0.606660,543.242107,32.961860,1.000000
33.062970,0.707770,546.579993,33.062970,1.000000
33.164080,0.808880,549.928101,33.164080,1.000000
33.265190,0.909990,553.286433,33.265190,1.000000
33.366300,1.011100,556.654988,33.366300,1.000000
global_time,t,p,v,a
33.366300,0.000000,556.654988,33.366300,1.000000
33.467410,0.101110,560.033766,33.467410,1.000000
33.568520,0.202220,563.422767,33.568520,1.000000
33.669630,0.303330,566.821992,33.669630,1.000000
33.770740,0.404440,570.231440,33.770740,1.000000
33.871850,0.505550,573.651111,33.871850,1.000000
33.972960,0.606660,577.081006,33.972960,1.000000
34.074070,0.707770,580.521123,34.074070,1.000000
34.175180,0.808880,583.971464,34.175180,1.000000
34.276290,0.909990,587.432028,34.276290,1.000000
34.377400,1.011100,590.902815,34.377400,1.000000
global_time,t,p,v,a
34.377400,0.000000,590.902815,34.377400,1.000000
34.478510,0.101110,594.383826,34.478510,1.000000
34.579620,0.202220,597.875060,34.579620,1.000000
34.680730,0.303330,601.376517,34.680730,1.000000
34.781840,0.404440,604.888197,34.781840,1.000000
34.882950,0.505550,608.410100,34.882950,1.000000
34.984060,0.606660,611.942227,34.984060,1.000000
35.085170,0.707770,615.484577,35.085170,1.000000
35.186280,0.808880,619.037150,35.186280,1.000000
35.287390,0.909990,622.599947,35.287390,1.000000
35.388500,1.011100,626.172966,35.388500,1.000000
global_time,t,p,v,a
35.388500,0.000000,626.172966,35.388500,1.000000
35.489610,0.101110,629.756209,35.489610,1.000000
35.590720,0.202220,633.349675,35.590720,1.000000
35.691830,0.303330,636.953364,35.691830,1.000000
35.792940,0.404440,640.567277,35.792940,1.000000
35.894050,0.505550,644.191413,35.894050,1.000000
35.995160,0.606660,647.825772,35.995160,1.000000
36.096270,0.707770,651.470354,36.096270,1.000000
36.197380,0.808880,655.125159,36.197380,1.000000
36.298490,0.909990,658.790188,36.298490,1.000000
36.399600,1.011100,662.465440,36.399600,1.000000
global_time,t,p,v,a
36.399600,0.000000,662.465440,36.399600,1.000000
36.500710,0.101110,666.150915,36.500710,1.000000
36.601820,0.202220,669.846614,36.601820,1.000000
36.702930,0.303330,673.552535,36.702930,1.000000
36.804040,0.404440,677.268680,36.804040,1.000000
36.905150,0.505550,680.995048,36.905150,1.000000
37.006260,0.606660,684.731640,37.006260,1.000000
37.107370,0.707770,688.478454,37.107370,1.000000
37.208480,0.808880,692.235492,37.208480,1.000000
37.309590,0.909990,696.002753,37.309590,1.000000
37.410700,1.011100,699.780237,37.410700,1.000000
global_time,t,p,v,a
37.410700,0.000000,699.780237,37.410700,1.000000
37.511810,0.101110,703.567945,37.511810,1.000000
37.612920,0.202220,707.365875,37.612920,1.000000
37.714030,0.303330,711.174029,37.714030,1.000000
37.815140,0.404440,714.992407,37.815140,1.000000
37.916250,0.505550,718.821007,37.916250,1.000000
38.017360,0.606660,722.659831,38.017360,1.000000
38.118470,0.707770,726.508878,38.118470,1.000000
38.219580,0.808880,730.368148,38.219580,1.000000
38.320690,0.909990,734.237641,38.320690,1.000000
38.421800,1.011100,738.117358,38.421800,1.000000
global_time,t,p,v,a
38.421800,0.000000,738.117358,38.421800,1.000000
38.522910,0.101110,742.007297,38.522910,1.000000
38.624020,0.202220,745.907460,38.624020,1.000000
38.725130,0.303330,749.817847,38.725130,1.000000
38.826240,0.404440,753.738456,38.826240,1.000000
38.927350,0.505550,757.669289,38.927350,1.000000
39.028460,0.606660,761.610345,39.028460,1.000000
39.129570,0.707770,765.561624,39.129570,1.000000
39.230680,0.808880,769.523127,39.230680,1.000000
39.331790,0.909990,773.494852,39.331790,1.000000
39.432900,1.011100,777.476801,39.432900,1.000000
global_time,t,p,v,a
39.432900,0.000000,777.476801,39.432900,1.000000
39.534010,0.101110,781.468973,39.534010,1.000000
39.635120,0.202220,785.471369,39.635120,1.000000
39.736230,0.303330,789.483987,39.736230,1.000000
39.837340,0.404440,793.506829,39.837340,1.000000
39.938450,0.505550,797.539894,39.938450,1.000000
40.039560,0.606660,801.583182,40.039560,1.000000
40.140670,0.707770,805.636694,40.140670,1.000000
40.241780,0.808880,809.700429,40.241780,1.000000
40.342890,0.909990,813.774387,40.342890,1.000000
40.444000,1.011100,817.858568,40.444000,1.000000
global_time,t,p,v,a
40.444000,0.000000,817.858568,40.444000,1.000000
40.545110,0.101110,821.952972,40.545110,1.000000
40.646220,0.202220,826.057600,40.646220,1.000000
40.747330,0.303330,830.172451,40.747330,1.000000
40.848440,0.404440,834.297525,40.848440,1.000000
40.949550,0.505550,838.432823,40.949550,1.000000
41.050660,0.606660,842.578343,41.050660,1.000000
41.151770,0.707770,846.734087,41.151770,1.000000
41.252880,0.808880,850.900054,41.252880,1.000000
41.353990,0.909990,855.076244,41.353990,1.000000
41.455100,1.011100,859.262658,41.455100,1.000000
global_time,t,p,v,a
41.455100,0.000000,859.262658,41.455100,1.000000
41.556210,0.101110,863.459295,41.556210,1.000000
41.657320,0.202220,867.666155,41.657320,1.000000
41.758430,0.303330,871.883238,41.758430,1.000000
41.859540,0.404440,876.110545,41.859540,1.000000
41.960650,0.505550,880.348074,41.960650,1.000000
42.061760,0.606660,884.595827,42.061760,1.000000
42.162870,0.707770,888.853803,42.162870,1.000000
42.263980,0.808880,893.122003,42.263980,1.000000
42.365090,0.909990,897.400425,42.365090,1.000000
42.466200,1.011100,901.689071,42.466200,1.000000
global_time,t,p,v,a
42.466200,0.000000,901.689071,42.466200,1.000000
42.567310,0.101110,905.987940,42.567310,1.000000
42.668420,0.202220,910.297033,42.668420,1.000000
42.769530,0.303330,914.616348,42.769530,1.000000
42.870640,0.404440,918.945887,42.870640,1.000000
42.971750,0.505550,923.285649,42.971750,1.000000
43.072860,0.606660,927.635634,43.072860,1.000000
43.173970,0.707770,931.995843,43.173970,1.000000
43.275080,0.808880,936.366275,43.275080,1.000000
43.376190,0.909990,940.746929,43.376190,1.000000
43.477300,1.011100,945.137808,43.477300,1.000000
global_time,t,p,v,a
43.477300,0.000000,945.137808,43.477300,1.000000
43.578410,0.101110,949.538909,43.578410,1.000000
43.679520,0.202220,953.950234,43.679520,1.000000
43.780630,0.303330,958.371782,43.780630,1.000000
43.881740,0.404440,962.803553,43.881740,1.000000
43.982850,0.505550,967.245547,43.982850,1.000000
44.083960,0.606660,971.697765,44.083960,1.000000
44.185070,0.707770,976.160205,44.185070,1.000000
44.286180,0.808880,980.632869,44.286180,1.000000
44.387290,0.909990,985.115757,44.387290,1.000000
44.488400,1.011100,989.608867,44.488400,1.000000
global_time,t,p,v,a
44.488400,0.000000,989.608867,44.488400,1.000000
44.589510,0.101110,994.112201,44.589510,1.000000
44.690620,0.202220,998.625758,44.690620,1.000000
44.791730,0.303330,1003.149538,44.791730,1.000000
44.892840,0.404440,1007.683542,44.892840,1.000000
44.993950,0.505550,1012.227768,44.993950,1.000000
45.095060,0.606660,1016.782218,45.095060,1.000000
45.196170,0.707770,1021.346891,45.196170,1.000000
45.297280,0.808880,1025.921788,45.297280,1.000000
45.398390,0.909990,1030.506907,45.398390,1.000000
45.499500,1.011100,1035.102250,45.499500,1.000000
global_time,t,p,v,a
45.499500,0.000000,1035.102250,45.499500,1.000000
45.600610,0.101110,1039.707816,45.600610,1.000000
45.701720,0.202220,1044.323605,45.701720,1.000000
45.802830,0.303330,1048.949618,45.802830,1.000000
45.903940,0.404440,1053.585854,45.903940,1.000000
46.005050,0.505550,1058.232313,46.005050,1.000000
46.106160,0.606660,1062.888995,46.106160,1.000000
46.207270,0.707770,1067.555900,46.207270,1.000000
46.308380,0.808880,1072.233029,46.308380,1.000000
46.409490,0.909990,1076.920381,46.409490,1.000000
46.510600,1.011100,1081.617956,46.510600,1.000000
global_time,t,p,v,a
46.510600,0.000000,1081.617956,46.510600,1.000000
46.611710,0.101110,1086.325755,46.611710,1.000000
46.712820,0.202220,1091.043776,46.712820,1.000000
46.813930,0.303330,1095.772021,46.813930,1.000000
46.915040,0.404440,1100.510489,46.915040,1.000000
47.016150,0.505550,1105.259180,47.016150,1.000000
47.117260,0.606660,1110.018095,47.117260,1.000000
47.218370,0.707770,1114.787233,47.218370,1.000000
47.319480,0.808880,1119.566594,47.319480,1.000000
47.420590,0.909990,1124.356178,47.420590,1.000000
47.521700,1.011100,1129.155985,47.521700,1.000000
global_time,t,p,v,a
47.521700,0.000000,1129.155985,47.521700,1.000000
47.622810,0.101110,1133.966016,47.622810,1.000000
47.723920,0.202220,1138.786270,47.723920,1.000000
47.825030,0.303330,1143.616747,47.825030,1.000000
47.926140,0.404440,1148.457448,47.926140,1.000000
48.027250,0.505550,1153.308371,48.027250,1.000000
48.128360,0.606660,1158.169518,48.128360,1.000000
48.229470,0.707770,1163.040888,48.229470,1.000000
48.330580,0.808880,1167.922482,48.330580,1.000000
48.431690,0.909990,1172.814298,48.431690,1.000000
48.532800,1.011100,1177.716338,48.532800,1.000000
global_time,t,p,v,a
48.532800,0.000000,1177.716338,48.532800,1.000000
48.633910,0.101110,1182.628601,48.633910,1.000000
48.735020,0.202220,1187.551087,48.735020,1.000000
48.836130,0.303330,1192.483797,48.836130,1.000000
48.937240,0.404440,1197.426729,48.937240,1.000000
49.038350,0.505550,1202.379885,49.038350,1.000000
49.139460,0.606660,1207.343265,49.139460,1.000000
49.240570,0.707770,1212.316867,49.240570,1.000000
49.341680,0.808880,1217.300693,49.341680,1.000000
49.442790,0.909990,1222.294741,49.442790,1.000000
49.543900,1.011100,1227.299014,49.543900,1.000000
global_time,t,p,v,a
49.543900,0.000000,1227.299014,49.543900,1.000000
49.645010,0.101110,1232.313509,49.645010,1.000000
49.746120,0.202220,1237.338228,49.746120,1.000000
49.847230,0.303330,1242.373169,49.847230,1.000000
49.948340,0.404440,1247.418334,49.948340,1.000000
50.049450,0.505550,1252.473723,50.049450,1.000000
50.150560,0.606660,1257.539334,50.150560,1.000000
50.251670,0.707770,1262.615169,50.251670,1.000000
50.352780,0.808880,1267.701227,50.352780,1.000000
50.453890,0.909990,1272.797508,50.453890,1.000000
50.555000,1.011100,1277.904013,50.555000,1.000000
global_time,t,p,v,a
50.555000,0.000000,1277.904013,50.555000,1.000000
50.656110,0.101110,1283.020740,50.656110,1.000000
50.757220,0.202220,1288.147691,50.757220,1.000000
50.858330,0.303330,1293.284865,50.858330,1.000000
50.959440,0.404440,1298.432263,50.959440,1.000000
51.060550,0.505550,1303.589883,51.060550,1.000000
51.161660,0.606660,1308.757727,51.161660,1.000000
51.262770,0.707770,1313.935794,51.262770,1.000000
51.363880,0.808880,1319.124084,51.363880,1.000000
51.464990,0.909990,1324.322598,51.464990,1.000000
51.566100,1.011100,1329.531335,51.566100,1.000000
global_time,t,p,v,a
51.566100,0.000000,1329.531335,51.566100,1.000000
51.667210,0.101110,1334.750295,51.667210,1.000000
51.768320,0.202220,1339.979478,51.768320,1.000000
51.869430,0.303330,1345.218884,51.869430,1.000000
51.970540,0.404440,1350.468514,51.970540,1.000000
52.071650,0.505550,1355.728367,52.071650,1.000000
52.172760,0.606660,1360.998443,52.172760,1.000000
52.273870,0.707770,1366.278742,52.273870,1.000000
52.374980,0.808880,1371.569265,52.374980,1.000000
52.476090,0.909990,1376.870011,52.476090,1.000000
52.577200,1.011100,1382.180980,52.577200,1.000000
global_time,t,p,v,a
52.577200,0.000000,1382.180980,52.577200,1.000000
52.678310,0.101110,1387.502172,52.678310,1.000000
52.779420,0.202220,1392.833588,52.779420,1.000000
52.880530,0.303330,1398.175227,52.880530,1.000000
52.981640,0.404440,1403.527089,52.981640,1.000000
53.082750,0.505550,1408.889174,53.082750,1.000000
53.183860,0.606660,1414.261482,53.183860,1.000000
53.284970,0.707770,1419.644014,53.284970,1.000000
53.386080,0.808880,1425.036769,53.386080,1.000000
53.487190,0.909990,1430.439747,53.487190,1.000000
53.588300,1.011100,1435.852948,53.588300,1.000000
global_time,t,p,v,a
53.588300,0.000000,1435.852948,53.588300,1.000000
53.689410,0.101110,1441.276373,53.689410,1.000000
53.790520,0.202220,1446.710021,53.790520,1.000000
53.891630,0.303330,1452.153892,53.891630,1.000000
53.992740,0.404440,1457.607986,53.992740,1.000000
54.093850,0.505550,1463.072304,54.093850,1.000000
54.194960,0.606660,1468.546845,54.194960,1.000000
54.296070,0.707770,1474.031609,54.296070,1.000000
54.397180,0.808880,1479.526596,54.397180,1.000000
54.498290,0.909990,1485.031806,54.498290,1.000000
54.599400,1.011100,1490.547240,54.599400,1.000000
global_time,t,p,v,a
54.599400,0.000000,1490.547240,54.599400,1.000000
54.700510,0.101110,1496.072897,54.700510,1.000000
54.801620,0.202220,1501.608777,54.801620,1.000000
54.902730,0.303330,1507.154881,54.902730,1.000000
55.003840,0.404440,1512.711207,55.003840,1.000000
55.104950,0.505550,1518.277757,55.104950,1.000000
55.206060,0.606660,1523.854530,55.206060,1.000000
55.307170,0.707770,1529.441527,55.307170,1.000000
55.408280,0.808880,1535.038746,55.408280,1.000000
55.509390,0.909990,1540.646189,55.509390,1.000000
55.610500,1.011100,1546.263855,55.610500,1.000000
global_time,t,p,v,a
55.610500,0.000000,1546.263855,55.610500,1.000000
55.711610,0.101110,1551.891744,55.711610,1.000000
55.812720,0.202220,1557.529857,55.812720,1.000000
55.913830,0.303330,1563.178193,55.913830,1.000000
56.014940,0.404440,1568.836752,56.014940,1.000000
56.116050,0.505550,1574.505534,56.116050,1.000000
56.217160,0.606660,1580.184539,56.217160,1.000000
56.318270,0.707770,1585.873768,56.318270,1.000000
56.419380,0.808880,1591.573220,56.419380,1.000000
56.520490,0.909990,1597.282895,56.520490,1.000000
56.621600,1.011100,1603.002793,56.621600,1.000000
global_time,t,p,v,a
56.621600,0.000000,1603.002793,56.621600,1.000000
56.722710,0.101110,1608.732915,56.722710,1.000000
56.823820,0.202220,1614.473260,56.823820,1.000000
56.924930,0.303330,1620.223828,56.924930,1.000000
57.026040,0.404440,1625.984619,57.026040,1.000000
57.127150,0.505550,1631.755634,57.127150,1.000000
57.228260,0.606660,1637.536871,57.228260,1.000000
57.329370,0.707770,1643.328332,57.329370,1.000000
57.430480,0.808880,1649.130017,57.430480,1.000000
57.531590,0.909990,1654.941924,57.531590,1.000000
57.632700,1.011100,1660.764055,57.632700,1.000000
global_time,t,p,v,a
57.632700,0.000000,1660.764055,57.632700,1.000000
57.733810,0.101110,1666.596409,57.733810,1.000000
57.834920,0.202220,1672.438986,57.834920,1.000000
57.936030,0.303330,1678.291786,57.936030,1.000000
58.037140,0.404440,1684.154810,58.037140,1.000000
58.138250,0.505550,1690.028057,58.138250,1.000000
58.239360,0.606660,1695.911527,58.239360,1.000000
58.340470,0.707770,1701.805220,58.340470,1.000000
58.441580,0.808880,1707.709136,58.441580,1.000000
58.542690,0.909990,1713.623276,58.542690,1.000000
58.643800,1.011100,1719.547639,58.643800,1.000000
global_time,t,p,v,a
58.643800,0.000000,1719.547639,58.643800,1.000000
58.744910,0.101110,1725.482225,58.744910,1.000000
58.846020,0.202220,1731.427035,58.846020,1.000000
58.947130,0.303330,1737.382068,58.947130,1.000000
59.048240,0.404440,1743.347324,59.048240,1.000000
59.149350,0.505550,1749.322803,59.149350,1.000000
59.250460,0.606660,1755.308505,59.250460,1.000000
59.351570,0.707770,1761.304431,59.351570,1.000000
59.452680,0.808880,1767.310580,59.452680,1.000000
59.553790,0.909990,1773.326952,59.553790,1.000000
59.654900,1.011100,1779.353547,59.654900,1.000000
global_time,t,p,v,a
59.654900,0.000000,1779.353547,59.654900,1.000000
59.756010,0.101110,1785.390366,59.756010,1.000000
59.857120,0.202220,1791.437407,59.857120,1.000000
59.958230,0.303330,1797.494672,59.958230,1.000000
60.059340,0.404440,1803.562161,60.059340,1.000000
60.160450,0.505550,1809.639872,60.160450,1.000000
60.261560,0.606660,1815.727807,60.261560,1.000000
60.362670,0.707770,1821.825965,60.362670,1.000000
60.463780,0.808880,1827.934346,60.463780,1.000000
60.564890,0.909990,1834.052950,60.564890,1.000000
60.666000,1.011100,1840.181778,60.666000,1.000000
global_time,t,p,v,a
60.666000,0.000000,1840.181778,60.666000,1.000000
60.767110,0.101110,1846.320829,60.767110,1.000000
60.868220,0.202220,1852.470103,60.868220,1.000000
60.969330,0.303330,1858.629600,60.969330,1.000000
61.070440,0.404440,1864.799321,61.070440,1.000000
61.171550,0.505550,1870.979265,61.171550,1.000000
61.272660,0.606660,1877.169432,61.272660,1.000000
61.373770,0.707770,1883.369822,61.373770,1.000000
61.474880,0.808880,1889.580436,61.474880,1.000000
61.575990,0.909990,1895.801272,61.575990,1.000000
61.677100,1.011100,1902.032332,61.677100,1.000000
global_time,t,p,v,a
61.677100,0.000000,1902.032332,61.677100,1.000000
61.778210,0.101110,1908.273615,61.778210,1.000000
61.879320,0.202220,1914.525122,61.879320,1.000000
61.980430,0.303330,1920.786851,61.980430,1.000000
62.081540,0.404440,1927.058804,62.081540,1.000000
62.182650,0.505550,1933.340981,62.182650,1.000000
62.283760,0.606660,1939.633380,62.283760,1.000000
62.384870,0.707770,1945.936002,62.384870,1.000000
62.485980,0.808880,1952.248848,62.485980,1.000000
62.587090,0.909990,1958.571917,62.587090,1.000000
62.688200,1.011100,1964.905210,62.688200,1.000000
global_time,t,p,v,a
62.688200,0.000000,1964.905210,62.688200,1.000000
62.789310,0.101110,1971.248725,62.789310,1.000000
62.890420,0.202220,1977.602464,62.890420,1.000000
62.991530,0.303330,1983.966426,62.991530,1.000000
63.092640,0.404440,1990.340611,63.092640,1.000000
63.193750,0.505550,1996.725020,63.193750,1.000000
63.294860,0.606660,2003.119651,63.294860,1.000000
63.395970,0.707770,2009.524506,63.395970,1.000000
63.497080,0.808880,2015.939584,63.497080,1.000000
63.598190,0.909990,2022.364886,63.598190,1.000000
63.699300,1.011100,2028.800410,63.699300,1.000000
global_time,t,p,v,a
63.699300,0.000000,2028.800410,63.699300,1.000000
63.800410,0.101110,2035.246158,63.800410,1.000000
63.901520,0.202220,2041.702129,63.901520,1.000000
64.002630,0.303330,2048.168323,64.002630,1.000000
64.103740,0.404440,2054.644741,64.103740,1.000000
64.204850,0.505550,2061.131382,64.204850,1.000000
64.305960,0.606660,2067.628246,64.305960,1.000000
64.407070,0.707770,2074.135333,64.407070,1.000000
64.508180,0.808880,2080.652643,64.508180,1.000000
64.609290,0.909990,2087.180177,64.609290,1.000000
64.710400,1.011100,2093.717934,64.710400,1.000000
global_time,t,p,v,a
64.710400,0.000000,2093.717934,64.710400,1.000000
64.811510,0.101110,2100.265914,64.811510,1.000000
64.912620,0.202220,2106.824118,64.912620,1.000000
65.013730,0.303330,2113.392544,65.013730,1.000000
65.114840,0.404440,2119.971194,65.114840,1.000000
65.215950,0.505550,2126.560067,65.215950,1.000000
65.317060,0.606660,2133.159164,65.317060,1.000000
65.418170,0.707770,2139.768483,65.418170,1.000000
65.519280,0.808880,2146.388026,65.519280,1.000000
65.620390,0.909990,2153.017792,65.620390,1.000000
65.721500,1.011100,2159.657781,65.721500,1.000000
global_time,t,p,v,a
65.721500,0.000000,2159.657781,65.721500,1.000000
65.822610,0.101110,2166.307994,65.822610,1.000000
65.923720,0.202220,2172.968429,65.923720,1.000000
66.024830,0.303330,2179.639088,66.024830,1.000000
66.125940,0.404440,2186.319970,66.125940,1.000000
66.227050,0.505550,2193.011076,66.227050,1.000000
66.328160,0.606660,2199.712404,66.328160,1.000000
66.429270,0.707770,2206.423956,66.429270,1.000000
66.530380,0.808880,2213.145731,66.530380,1.000000
66.631490,0.909990,2219.877730,66.631490,1.000000
66.732600,1.011100,2226.619951,66.732600,1.000000
global_time,t,p,v,a
66.732600,0.000000,2226.619951,66.732600,1.000000
66.833710,0.101110,2233.372396,66.833710,1.000000
66.934820,0.202220,2240.135064,66.934820,1.000000
67.035930,0.303330,2246.907955,67.035930,1.000000
67.137040,0.404440,2253.691070,67.137040,1.000000
67.238150,0.505550,2260.484408,67.238150,1.000000
67.339260,0.606660,2267.287969,67.339260,1.000000
67.440370,0.707770,2274.101753,67.440370,1.000000
67.541480,0.808880,2280.925760,67.541480,1.000000
67.642590,0.909990,2287.759991,67.642590,1.000000
67.743700,1.011100,2294.604445,67.743700,1.000000
global_time,t,p,v,a
67.743700,0.000000,2294.604445,67.743700,1.000000
67.844810,0.101110,2301.459122,67.844810,1.000000
67.945920,0.202220,2308.324022,67.945920,1.000000
68.047030,0.303330,2315.199146,68.047030,1.000000
68.148140,0.404440,2322.084493,68.148140,1.000000
68.249250,0.505550,2328.980063,68.249250,1.000000
68.350360,0.606660,2335.885856,68.350360,1.000000
68.451470,0.707770,2342.801873,68.451470,1.000000
68.552580,0.808880,2349.728112,68.552580,1.000000
68.653690,0.909990,2356.664575,68.653690,1.000000
68.754800,1.011100,2363.611262,68.754800,1.000000
global_time,t,p,v,a
68.754800,0.000000,2363.611262,68.754800,1.000000
68.855910,0.101110,2370.568171,68.855910,1.000000
68.957020,0.202220,2377.535304,68.957020,1.000000
69.058130,0.303330,2384.512660,69.058130,1.000000
69.159240,0.404440,2391.500239,69.159240,1.000000
69.260350,0.505550,2398.498041,69.260350,1.000000
69.361460,0.606660,2405.506067,69.361460,1.000000
69.462570,0.707770,2412.524316,69.462570,1.000000
69.563680,0.808880,2419.552788,69.563680,1.000000
69.664790,0.909990,2426.591483,69.664790,1.000000
69.765900,1.011100,2433.640401,69.765900,1.000000
global_time,t,p,v,a
69.765900,0.000000,2433.640401,69.765900,1.000000
69.867010,0.101110,2440.699543,69.867010,1.000000
69.968120,0.202220,2447.768908,69.968120,1.000000
70.069230,0.303330,2454.848496,70.069230,1.000000
70.170340,0.404440,2461.938308,70.170340,1.000000
70.271450,0.505550,2469.038343,70.271450,1.000000
70.372560,0.606660,2476.148600,70.372560,1.000000
70.473670,0.707770,2483.269082,70.473670,1.000000
70.574780,0.808880,2490.399786,70.574780,1.000000
70.675890,0.909990,2497.540714,70.675890,1.000000
70.777000,1.011100,2504.691865,70.777000,1.000000
global_time,t,p,v,a
70.777000,0.000000,2504.691865,70.777000,1.000000
70.878110,0.101110,2511.853239,70.878110,1.000000
70.979220,0.202220,2519.024836,70.979220,1.000000
71.080330,0.303330,2526.206656,71.080330,1.000000
71.181440,0.404440,2533.398700,71.181440,1.000000
71.282550,0.505550,2540.600967,71.282550,1.000000
71.383660,0.606660,2547.813457,71.383660,1.000000
71.484770,0.707770,2555.036171,71.484770,1.000000
71.585880,0.808880,2562.269108,71.585880,1.000000
71.686990,0.909990,2569.512268,71.686990,1.000000
71.788100,1.011100,2576.765651,71.788100,1.000000
global_time,t,p,v,a
71.788100,0.000000,2576.765651,71.788100,1.000000
71.889210,0.101110,2584.029257,71.889210,1.000000
71.990320,0.202220,2591.303087,71.990320,1.000000
72.091430,0.303330,2598.587140,72.091430,1.000000
72.192540,0.404440,2605.881416,72.192540,1.000000
72.293650,0.505550,2613.185915,72.293650,1.000000
72.394760,0.606660,2620.500638,72.394760,1.000000
72.495870,0.707770,2627.825584,72.495870,1.000000
72.596980,0.808880,2635.160753,72.596980,1.000000
72.698090,0.909990,2642.506145,72.698090,1.000000
72.799200,1.011100,2649.861760,72.799200,1.000000
global_time,t,p,v,a
72.799200,0.000000,2649.861760,72.799200,1.000000
72.900310,0.101110,2657.227599,72.900310,1.000000
73.001420,0.202220,2664.603661,73.001420,1.000000
73.102530,0.303330,2671.989946,73.102530,1.000000
73.203640,0.404440,2679.386455,73.203640,1.000000
73.304750,0.505550,2686.793186,73.304750,1.000000
73.405860,0.606660,2694.210141,73.405860,1.000000
73.506970,0.707770,2701.637319,73.506970,1.000000
73.608080,0.808880,2709.074721,73.608080,1.000000
73.709190,0.909990,2716.522345,73.709190,1.000000
73.810300,1.011100,2723.980193,73.810300,1.000000
global_time,t,p,v,a
73.810300,0.000000,2723.980193,73.810300,1.000000
73.911410,0.101110,2731.448264,73.911410,1.000000
74.012520,0.202220,2738.926558,74.012520,1.000000
74.113630,0.303330,2746.415076,74.113630,1.000000
74.214740,0.404440,2753.913817,74.214740,1.000000
74.315850,0.505550,2761.422781,74.315850,1.000000
74.416960,0.606660,2768.941968,74.416960,1.000000
74.518070,0.707770,2776.471378,74.518070,1.000000
74.619180,0.808880,2784.011012,74.619180,1.000000
74.720290,0.909990,2791.560869,74.720290,1.000000
74.821400,1.011100,2799.120949,74.821400,1.000000
global_time,t,p,v,a
74.821400,0.000000,2799.120949,74.821400,1.000000
74.922510,0.101110,2806.691252,74.922510,1.000000
75.023620,0.202220,2814.271779,75.023620,1.000000
75.124730,0.303330,2821.862529,75.124730,1.000000
75.225840,0.404440,2829.463502,75.225840,1.000000
75.326950,0.505550,2837.074698,75.326950,1.000000
75.428060,0.606660,2844.696118,75.428060,1.000000
75.529170,0.707770,2852.327760,75.529170,1.000000
75.630280,0.808880,2859.969626,75.630280,1.000000
75.731390,0.909990,2867.621716,75.731390,1.000000
75.832500,1.011100,2875.284028,75.832500,1.000000
global_time,t,p,v,a
75.832500,0.000000,2875.284028,75.832500,1.000000
75.933610,0.101110,2882.956564,75.933610,1.000000
76.034720,0.202220,2890.639323,76.034720,1.000000
76.135830,0.303330,2898.332305,76.135830,1.000000
76.236940,0.404440,2906.035510,76.236940,1.000000
76.338050,0.505550,2913.748939,76.338050,1.000000
76.439160,0.606660,2921.472591,76.439160,1.000000
76.540270,0.707770,2929.206466,76.540270,1.000000
76.641380,0.808880,2936.950564,76.641380,1.000000
76.742490,0.909990,2944.704886,76.742490,1.000000
76.843600,1.011100,2952.469430,76.843600,1.000000
global_time,t,p,v,a
76.843600,0.000000,2952.469430,76.843600,1.000000
76.944710,0.101110,2960.244198,76.944710,1.000000
77.045820,0.202220,2968.029190,77.045820,1.000000
77.146930,0.303330,2975.824404,77.146930,1.000000
77.248040,0.404440,2983.629842,77.248040,1.000000
77.349150,0.505550,2991.445503,77.349150,1.000000
77.450260,0.606660,2999.271387,77.450260,1.000000
77.551370,0.707770,3007.107494,77.551370,1.000000
77.652480,0.808880,3014.953825,77.652480,1.000000
77.753590,0.909990,3022.810379,77.753590,1.000000
77.854700,1.011100,3030.677156,77.854700,1.000000
global_time,t,p,v,a
77.854700,0.000000,3030.677156,77.854700,1.000000
77.955810,0.101110,3038.554156,77.955810,1.000000
78.056920,0.202220,3046.441380,78.056920,1.000000
78.158030,0.303330,3054.338827,78.158030,1.000000
78.259140,0.404440,3062.246497,78.259140,1.000000
78.360250,0.505550,3070.164390,78.360250,1.000000
78.461360,0.606660,3078.092507,78.461360,1.000000
78.562470,0.707770,3086.030846,78.562470,1.000000
78.663580,0.808880,3093.979409,78.663580,1.000000
78.764690,0.909990,3101.938195,78.764690,1.000000
78.865800,1.011100,3109.907205,78.865800,1.000000
global_time,t,p,v,a
78.865800,0.000000,3109.907205,78.865800,1.000000
78.966910,0.101110,3117.886437,78.966910,1.000000
79.068020,0.202220,3125.875893,79.068020,1.000000
79.169130,0.303330,3133.875572,79.169130,1.000000
79.270240,0.404440,3141.885475,79.270240,1.000000
79.371350,0.505550,3149.905600,79.371350,1.000000
79.472460,0.606660,3157.935949,79.472460,1.000000
79.573570,0.707770,3165.976521,79.573570,1.000000
79.674680,0.808880,3174.027317,79.674680,1.000000
79.775790,0.909990,3182.088335,79.775790,1.000000
79.876900,1.011100,3190.159577,79.876900,1.000000
global_time,t,p,v,a
79.876900,0.000000,3190.159577,79.876900,1.000000
79.978010,0.101110,3198.241042,79.978010,1.000000
80.079120,0.202220,3206.332730,80.079120,1.000000
80.180230,0.303330,3214.434641,80.180230,1.000000
80.281340,0.404440,3222.546776,80.281340,1.000000
80.382450,0.505550,3230.669134,80.382450,1.000000
80.483560,0.606660,3238.801715,80.483560,1.000000
80.584670,0.707770,3246.944520,80.584670,1.000000
80.685780,0.808880,3255.097547,80.685780,1.000000
80.786890,0.909990,3263.260798,80.786890,1.000000
80.888000,1.011100,3271.434272,80.888000,1.000000
global_time,t,p,v,a
80.888000,0.000000,3271.434272,80.888000,1.000000
80.989110,0.101110,3279.617969,80.989110,1.000000
81.090220,0.202220,3287.811890,81.090220,1.000000
81.191330,0.303330,3296.016034,81.191330,1.000000
81.292440,0.404440,3304.230401,81.292440,1.000000
81.393550,0.505550,3312.454991,81.393550,1.000000
81.494660,0.606660,3320.689804,81.494660,1.000000
81.595770,0.707770,3328.934841,81.595770,1.000000
81.696880,0.808880,3337.190101,81.696880,1.000000
81.797990,0.909990,3345.455584,81.797990,1.000000
81.899100,1.011100,3353.731290,81.899100,1.000000
global_time,t,p,v,a
81.899100,0.000000,3353.731290,81.899100,1.000000
82.000210,0.101110,3362.017220,82.000210,1.000000
82.101320,0.202220,3370.313373,82.101320,1.000000
82.202430,0.303330,3378.619749,82.202430,1.000000
82.303540,0.404440,3386.936348,82.303540,1.000000
82.404650,0.505550,3395.263171,82.404650,1.000000
82.505760,0.606660,3403.600217,82.505760,1.000000
82.606870,0.707770,3411.947486,82.606870,1.000000
82.707980,0.808880,3420.304978,82.707980,1.000000
82.809090,0.909990,3428.672693,82.809090,1.000000
82.910200,1.011100,3437.050632,82.910200,1.000000
global_time,t,p,v,a
82.910200,0.000000,3437.050632,82.910200,1.000000
83.011310,0.101110,3445.438794,83.011310,1.000000
83.112420,0.202220,3453.837179,83.112420,1.000000
83.213530,0.303330,3462.245788,83.213530,1.000000
83.314640,0.404440,3470.664619,83.314640,1.000000
83.415750,0.505550,3479.093674,83.415750,1.000000
83.516860,0.606660,3487.532952,83.516860,1.000000
83.617970,0.707770,3495.982453,83.617970,1.000000
83.719080,0.808880,3504.442178,83.719080,1.000000
83.820190,0.909990,3512.912126,83.820190,1.000000
83.921300,1.011100,3521.392297,83.921300,1.000000
global_time,t,p,v,a
83.921300,0.000000,3521.392297,83.921300,1.000000
84.022410,0.101110,3529.882691,84.022410,1.000000
84.123520,0.202220,3538.383309,84.123520,1.000000
84.224630,0.303330,3546.894149,84.224630,1.000000
84.325740,0.404440,3555.415213,84.325740,1.000000
84.426850,0.505550,3563.946500,84.426850,1.000000
84.527960,0.606660,3572.488011,84.527960,1.000000
84.629070,0.707770,3581.039745,84.629070,1.000000
84.730180,0.808880,3589.601701,84.730180,1.000000
84.831290,0.909990,3598.173882,84.831290,1.000000
84.932400,1.011100,3606.756285,84.932400,1.000000
global_time,t,p,v,a
84.932400,0.000000,3606.756285,84.932400,1.000000
85.033510,0.101110,3615.348911,85.033510,1.000000
85.134620,0.202220,3623.951761,85.134620,1.000000
85.235730,0.303330,3632.564834,85.235730,1.000000
85.336840,0.404440,3641.188131,85.336840,1.000000
85.437950,0.505550,3649.821650,85.437950,1.000000
85.539060,0.606660,3658.465393,85.539060,1.000000
85.640170,0.707770,3667.119359,85.640170,1.000000
85.741280,0.808880,3675.783548,85.741280,1.000000
85.842390,0.909990,3684.457960,85.842390,1.000000
85.943500,1.011100,3693.142596,85.943500,1.000000
global_time,t,p,v,a
85.943500,0.000000,3693.142596,85.943500,1.000000
86.044610,0.101110,3701.837455,86.044610,1.000000
86.145720,0.202220,3710.542537,86.145720,1.000000
86.246830,0.303330,3719.257843,86.246830,1.000000
86.347940,0.404440,3727.983371,86.347940,1.000000
86.449050,0.505550,3736.719123,86.449050,1.000000
86.550160,0.606660,3745.465098,86.550160,1.000000
86.651270,0.707770,3754.221296,86.651270,1.000000
86.752380,0.808880,3762.987718,86.752380,1.000000
86.853490,0.909990,3771.764363,86.853490,1.000000
86.954600,1.011100,3780.551231,86.954600,1.000000
global_time,t,p,v,a
86.954600,0.000000,3780.551231,86.954600,1.000000
87.055710,0.101110,3789.348322,87.055710,1.000000
87.156820,0.202220,3798.155636,87.156820,1.000000
87.257930,0.303330,3806.973174,87.257930,1.000000
87.359040,0.404440,3815.800935,87.359040,1.000000
87.460150,0.505550,3824.638919,87.460150,1.000000
87.561260,0.606660,3833.487126,87.561260,1.000000
87.662370,0.707770,3842.345557,87.662370,1.000000
87.763480,0.808880,3851.214211,87.763480,1.000000
87.864590,0.909990,3860.093088,87.864590,1.000000
87.965700,1.011100,3868.982188,87.965700,1.000000
global_time,t,p,v,a
87.965700,0.000000,3868.982188,87.965700,1.000000
88.066810,0.101110,3877.881512,88.066810,1.000000
88.167920,0.202220,3886.791059,88.167920,1.000000
88.269030,0.303330,3895.710829,88.269030,1.000000
88.370140,0.404440,3904.640822,88.370140,1.000000
88.471250,0.505550,3913.581038,88.471250,1.000000
88.572360,0.606660,3922.531478,88.572360,1.000000
88.673470,0.707770,3931.492141,88.673470,1.000000
88.774580,0.808880,3940.463027,88.774580,1.000000
88.875690,0.909990,3949.444136,88.875690,1.000000
88.976800,1.011100,3958.435469,88.976800,1.000000
global_time,t,p,v,a
88.976800,0.000000,3958.435469,88.976800,1.000000
89.077910,0.101110,3967.437025,89.077910,1.000000
89.179020,0.202220,3976.448804,89.179020,1.000000
89.280130,0.303330,3985.470806,89.280130,1.000000
89.381240,0.404440,3994.503032,89.381240,1.000000
89.482350,0.505550,4003.545481,89.482350,1.000000
89.583460,0.606660,4012.598153,89.583460,1.000000
89.684570,0.707770,4021.661048,89.684570,1.000000
89.785680,0.808880,4030.734167,89.785680,1.000000
89.886790,0.909990,4039.817508,89.886790,1.000000
89.987900,1.011100,4048.911073,89.987900,1.000000
global_time,t',p,v,a
89.987900,0.000000,4048.911073,89.987900,1.000000
90.089010,0.101110,4058.014861,90.089010,1.000000
90.190120,0.202220,4067.128873,90.190120,1.000000
90.291230,0.303330,4076.253107,90.291230,1.000000
90.392340,0.404440,4085.387565,90.392340,1.000000
90.493450,0.505550,4094.532246,90.493450,1.000000
90.594560,0.606660,4103.687151,90.594560,1.000000
90.695670,0.707770,4112.852278,90.695670,1.000000
90.796780,0.808880,4122.027629,90.796780,1.000000
90.897890,0.909990,4131.213203,90.897890,1.000000
90.999000,1.011100,4140.409001,90.999000,1.000000
global_time,t',p,v,a
90.999000,0.000000,4140.409001,90.999000,1.000000
91.100110,0.101110,4149.615021,91.100110,1.000000
91.201220,0.202220,4158.831265,91.201220,1.000000
91.302330,0.303330,4168.057732,91.302330,1.000000
91.403440,0.404440,4177.294422,91.403440,1.000000
91.504550,0.505550,4186.541335,91.504550,1.000000
91.605660,0.606660,4195.798472,91.605660,1.000000
91.706770,0.707770,4205.065832,91.706770,1.000000
91.807880,0.808880,4214.343415,91.807880,1.000000
91.908990,0.909990,4223.631221,91.908990,1.000000
92.010100,1.011100,4232.929251,92.010100,1.000000
global_time,t',p,v,a
92.010100,0.000000,4232.929251,92.010100,1.000000
92.111210,0.101110,4242.237504,92.111210,1.000000
92.212320,0.202220,4251.555980,92.212320,1.000000
92.313430,0.303330,4260.884679,92.313430,1.000000
92.414540,0.404440,4270.223602,92.414540,1.000000
92.515650,0.505550,4279.572747,92.515650,1.000000
92.616760,0.606660,4288.932116,92.616760,1.000000
92.717870,0.707770,4298.301709,92.717870,1.000000
92.818980,0.808880,4307.681524,92.818980,1.000000
92.920090,0.909990,4317.071563,92.920090,1.000000
93.021200,1.011100,4326.471825,93.021200,1.000000
global_time,t',p,v,a
93.021200,0.000000,4326.471825,93.021200,1.000000
93.122310,0.101110,4335.882310,93.122310,1.000000
93.223420,0.202220,4345.303018,93.223420,1.000000
93.324530,0.303330,4354.733950,93.324530,1.000000
93.425640,0.404440,4364.175105,93.425640,1.000000
93.526750,0.505550,4373.626483,93.526750,1.000000
93.627860,0.606660,4383.088084,93.627860,1.000000
93.728970,0.707770,4392.559909,93.728970,1.000000
93.830080,0.808880,4402.041956,93.830080,1.000000
93.931190,0.909990,4411.534227,93.931190,1.000000
94.032300,1.011100,4421.036722,94.032300,1.000000
global_time,t',p,v,a
94.032300,0.000000,4421.036722,94.032300,1.000000
94.133410,0.101110,4430.549439,94.133410,1.000000
94.234520,0.202220,4440.072380,94.234520,1.000000
94.335630,0.303330,4449.605544,94.335630,1.000000
94.436740,0.404440,4459.148931,94.436740,1.000000
94.537850,0.505550,4468.702541,94.537850,1.000000
94.638960,0.606660,4478.266375,94.638960,1.000000
94.740070,0.707770,4487.840432,94.740070,1.000000
94.841180,0.808880,4497.424712,94.841180,1.000000
94.942290,0.909990,4507.019215,94.942290,1.000000
95.043400,1.011100,4516.623942,95.043400,1.000000
global_time,t',p,v,a
95.043400,0.000000,4516.623942,95.043400,1.000000
95.144510,0.101110,4526.238892,95.144510,1.000000
95.245620,0.202220,4535.864065,95.245620,1.000000
95.346730,0.303330,4545.499461,95.346730,1.000000
95.447840,0.404440,4555.145080,95.447840,1.000000
95.548950,0.505550,4564.800923,95.548950,1.000000
95.650060,0.606660,4574.466989,95.650060,1.000000
95.751170,0.707770,4584.143278,95.751170,1.000000
95.852280,0.808880,4593.829791,95.852280,1.000000
95.953390,0.909990,4603.526526,95.953390,1.000000
96.054500,1.011100,4613.233485,96.054500,1.000000
global_time,t',p,v,a
96.054500,0.000000,4613.233485,96.054500,1.000000
96.155610,0.101110,4622.950667,96.155610,1.000000
96.256720,0.202220,4632.678073,96.256720,1.000000
96.357830,0.303330,4642.415701,96.357830,1.000000
96.458940,0.404440,4652.163553,96.458940,1.000000
96.560050,0.505550,4661.921628,96.560050,1.000000
96.661160,0.606660,4671.689926,96.661160,1.000000
96.762270,0.707770,4681.468448,96.762270,1.000000
96.863380,0.808880,4691.257193,96.863380,1.000000
96.964490,0.909990,4701.056160,96.964490,1.000000
97.065600,1.011100,4710.865352,97.065600,1.000000
global_time,t',p,v,a
97.065600,0.000000,4710.865352,97.065600,1.000000
97.166710,0.101110,4720.684766,97.166710,1.000000
97.267820,0.202220,4730.514404,97.267820,1.000000
97.368930,0.303330,4740.354265,97.368930,1.000000
97.470040,0.404440,4750.204349,97.470040,1.000000
97.571150,0.505550,4760.064656,97.571150,1.000000
97.672260,0.606660,4769.935187,97.672260,1.000000
97.773370,0.707770,4779.815941,97.773370,1.000000
97.874480,0.808880,4789.706918,97.874480,1.000000
97.975590,0.909990,4799.608118,97.975590,1.000000
98.076700,1.011100,4809.519541,98.076700,1.000000
global_time,t',p,v,a
98.076700,0.000000,4809.519541,98.076700,1.000000
98.177810,0.101110,4819.441188,98.177810,1.000000
98.278920,0.202220,4829.373058,98.278920,1.000000
98.380030,0.303330,4839.315151,98.380030,1.000000
98.481140,0.404440,4849.267468,98.481140,1.000000
98.582250,0.505550,4859.230008,98.582250,1.000000
98.683360,0.606660,4869.202770,98.683360,1.000000
98.784470,0.707770,4879.185757,98.784470,1.000000
98.885580,0.808880,4889.178966,98.885580,1.000000
98.986690,0.909990,4899.182399,98.986690,1.000000
99.087800,1.011100,4909.196054,99.087800,1.000000
global_time,t',p,v,a
99.087800,0.000000,4909.196054,99.087800,1.000000
99.188910,0.101110,4919.219933,99.188910,1.000000
99.290020,0.202220,4929.254036,99.290020,1.000000
99.391130,0.303330,4939.298361,99.391130,1.000000
99.492240,0.404440,4949.352910,99.492240,1.000000
99.593350,0.505550,4959.417682,99.593350,1.000000
99.694460,0.606660,4969.492677,99.694460,1.000000
99.795570,0.707770,4979.577896,99.795570,1.000000
99.896680,0.808880,4989.673338,99.896680,1.000000
99.997790,0.909990,4999.779002,99.997790,1.000000
100.098900,1.011100,5009.894891,100.098900,1.000000
global_time,t',p,v,a
100.098900,0.000000,5009.894891,100.098900,1.000000
100.200010,0.101110,5020.021002,100.200010,1.000000
100.301120,0.202220,5030.157337,100.301120,1.000000
100.402230,0.303330,5040.303894,100.402230,1.000000
100.503340,0.404440,5050.460676,100.503340,1.000000
100.604450,0.505550,5060.627680,100.604450,1.000000
100.705560,0.606660,5070.804907,100.705560,1.000000
100.806670,0.707770,5080.992358,100.806670,1.000000
100.907780,0.808880,5091.190032,100.907780,1.000000
101.008890,0.909990,5101.397930,101.008890,1.000000
101.110000,1.011100,5111.616050,101.110000,1.000000
global_time,t',p,v,a
101.110000,0.000000,5111.616050,101.110000,1.000000
101.211110,0.101110,5121.844394,101.211110,1.000000
101.312220,0.202220,5132.082961,101.312220,1.000000
101.413330,0.303330,5142.331751,101.413330,1.000000
101.514440,0.404440,5152.590764,101.514440,1.000000
101.615550,0.505550,5162.860001,101.615550,1.000000
101.716660,0.606660,5173.139461,101.716660,1.000000
101.817770,0.707770,5183.429144,101.817770,1.000000
101.918880,0.808880,5193.729050,101.918880,1.000000
102.019990,0.909990,5204.039180,102.019990,1.000000
102.121100,1.011100,5214.359533,102.121100,1.000000
global_time,t',p,v,a
102.121100,0.000000,5214.359533,102.121100,1.000000
102.222210,0.101110,5224.690109,102.222210,1.000000
102.323320,0.202220,5235.030908,102.323320,1.000000
102.424430,0.303330,5245.381930,102.424430,1.000000
102.525540,0.404440,5255.743176,102.525540,1.000000
102.626650,0.505550,5266.114645,102.626650,1.000000
102.727760,0.606660,5276.496337,102.727760,1.000000
102.828870,0.707770,5286.888253,102.828870,1.000000
102.929980,0.808880,5297.290391,102.929980,1.000000
103.031090,0.909990,5307.702753,103.031090,1.000000
103.132200,1.011100,5318.125338,103.132200,1.000000
global_time,t',p,v,a
103.132200,0.000000,5318.125338,103.132200,1.000000
103.233310,0.101110,5328.558147,103.233310,1.000000
103.334420,0.202220,5339.001178,103.334420,1.000000
103.435530,0.303330,5349.454433,103.435530,1.000000
103.536640,0.404440,5359.917911,103.536640,1.000000
103.637750,0.505550,5370.391613,103.637750,1.000000
103.738860,0.606660,5380.875537,103.738860,1.000000
103.839970,0.707770,5391.369685,103.839970,1.000000
103.941080,0.808880,5401.874056,103.941080,1.000000
104.042190,0.909990,5412.388650,104.042190,1.000000
104.143300,1.011100,5422.913467,104.143300,1.000000
global_time,t',p,v,a
104.143300,0.000000,5422.913467,104.143300,1.000000
104.244410,0.101110,5433.448508,104.244410,1.000000
104.345520,0.202220,5443.993772,104.345520,1.000000
104.446630,0.303330,5454.549259,104.446630,1.000000
104.547740,0.404440,5465.114970,104.547740,1.000000
104.648850,0.505550,5475.690903,104.648850,1.000000
104.749960,0.606660,5486.277060,104.749960,1.000000
104.851070,0.707770,5496.873440,104.851070,1.000000
104.952180,0.808880,5507.480043,104.952180,1.000000
105.053290,0.909990,5518.096870,105.053290,1.000000
105.154400,1.011100,5528.723920,105.154400,1.000000
global_time,t',p,v,a
105.154400,0.000000,5528.723920,105.154400,1.000000
105.255510,0.101110,5539.361193,105.255510,1.000000
105.356620,0.202220,5550.008689,105.356620,1.000000
105.457730,0.303330,5560.666408,105.457730,1.000000
105.558840,0.404440,5571.334351,105.558840,1.000000
105.659950,0.505550,5582.012517,105.659950,1.000000
105.761060,0.606660,5592.700906,105.761060,1.000000
105.862170,0.707770,5603.399519,105.862170,1.000000
105.963280,0.808880,5614.108354,105.963280,1.000000
106.064390,0.909990,5624.827413,106.064390,1.000000
106.165500,1.011100,5635.556695,106.165500,1.000000
global_time,t',p,v,a
106.165500,0.000000,5635.556695,106.165500,1.000000
106.266610,0.101110,5646.296200,106.266610,1.000000
106.367720,0.202220,5657.045929,106.367720,1.000000
106.468830,0.303330,5667.805881,106.468830,1.000000
106.569940,0.404440,5678.576056,106.569940,1.000000
106.671050,0.505550,5689.356454,106.671050,1.000000
106.772160,0.606660,5700.147076,106.772160,1.000000
106.873270,0.707770,5710.947920,106.873270,1.000000
106.974380,0.808880,5721.758988,106.974380,1.000000
107.075490,0.909990,5732.580279,107.075490,1.000000
107.176600,1.011100,5743.411794,107.176600,1.000000
global_time,t',p,v,a
107.176600,0.000000,5743.411794,107.176600,1.000000
107.277710,0.101110,5754.253531,107.277710,1.000000
107.378820,0.202220,5765.105492,107.378820,1.000000
107.479930,0.303330,5775.967676,107.479930,1.000000
107.581040,0.404440,5786.840084,107.581040,1.000000
107.682150,0.505550,5797.722714,107.682150,1.000000
107.783260,0.606660,5808.615568,107.783260,1.000000
107.884370,0.707770,5819.518645,107.884370,1.000000
107.985480,0.808880,5830.431945,107.985480,1.000000
108.086590,0.909990,5841.355469,108.086590,1.000000
108.187700,1.011100,5852.289216,108.187700,1.000000
global_time,t',p,v,a
108.187700,0.000000,5852.289216,108.187700,1.000000
108.288810,0.101110,5863.233186,108.288810,1.000000
108.389920,0.202220,5874.187379,108.389920,1.000000
108.491030,0.303330,5885.151795,108.491030,1.000000
108.592140,0.404440,5896.126435,108.592140,1.000000
108.693250,0.505550,5907.111298,108.693250,1.000000
108.794360,0.606660,5918.106384,108.794360,1.000000
108.895470,0.707770,5929.111693,108.895470,1.000000
108.996580,0.808880,5940.127226,108.996580,1.000000
109.097690,0.909990,5951.152982,109.097690,1.000000
109.198800,1.011100,5962.188961,109.198800,1.000000
global_time,t',p,v,a
109.198800,0.000000,5962.188961,109.198800,1.000000
109.299910,0.101110,5973.235163,109.299910,1.000000
109.401020,0.202220,5984.291589,109.401020,1.000000
109.502130,0.303330,5995.358237,109.502130,1.000000
109.603240,0.404440,6006.435109,109.603240,1.000000
109.704350,0.505550,6017.522204,109.704350,1.000000
109.805460,0.606660,6028.619523,109.805460,1.000000
109.906570,0.707770,6039.727065,109.906570,1.000000
110.007680,0.808880,6050.844829,110.007680,1.000000
110.108790,0.909990,6061.972818,110.108790,1.000000
110.209900,1.011100,6073.111029,110.209900,1.000000
global_time,t',p,v,a
110.209900,0.000000,6073.111029,110.209900,1.000000
110.311010,0.101110,6084.259464,110.311010,1.000000
110.412120,0.202220,6095.418121,110.412120,1.000000
110.513230,0.303330,6106.587003,110.513230,1.000000
110.614340,0.404440,6117.766107,110.614340,1.000000
110.715450,0.505550,6128.955434,110.715450,1.000000
110.816560,0.606660,6140.154985,110.816560,1.000000
110.917670,0.707770,6151.364759,110.917670,1.000000
111.018780,0.808880,6162.584756,111.018780,1.000000
111.119890,0.909990,6173.814977,111.119890,1.000000
111.221000,1.011100,6185.055420,111.221000,1.000000
global_time,t',p,v,a
111.221000,0.000000,6185.055420,111.221000,1.000000
111.322110,0.101110,6196.306087,111.322110,1.000000
111.423220,0.202220,6207.566978,111.423220,1.000000
111.524330,0.303330,6218.838091,111.524330,1.000000
111.625440,0.404440,6230.119428,111.625440,1.000000
111.726550,0.505550,6241.410987,111.726550,1.000000
111.827660,0.606660,6252.712771,111.827660,1.000000
111.928770,0.707770,6264.024777,111.928770,1.000000
112.029880,0.808880,6275.347006,112.029880,1.000000
112.130990,0.909990,6286.679459,112.130990,1.000000
112.232100,1.011100,6298.022135,112.232100,1.000000
global_time,t',p,v,a
112.232100,0.000000,6298.022135,112.232100,1.000000
112.333210,0.101110,6309.375034,112.333210,1.000000
112.434320,0.202220,6320.738157,112.434320,1.000000
112.535430,0.303330,6332.111503,112.535430,1.000000
112.636540,0.404440,6343.495072,112.636540,1.000000
112.737650,0.505550,6354.888864,112.737650,1.000000
112.838760,0.606660,6366.292879,112.838760,1.000000
112.939870,0.707770,6377.707118,112.939870,1.000000
113.040980,0.808880,6389.131580,113.040980,1.000000
113.142090,0.909990,6400.566265,113.142090,1.000000
113.243200,1.011100,6412.011173,113.243200,1.000000
global_time,t',p,v,a
113.243200,0.000000,6412.011173,113.243200,1.000000
113.344310,0.101110,6423.466305,113.344310,1.000000
113.445420,0.202220,6434.931659,113.445420,1.000000
113.546530,0.303330,6446.407238,113.546530,1.000000
113.647640,0.404440,6457.893039,113.647640,1.000000
113.748750,0.505550,6469.389063,113.748750,1.000000
113.849860,0.606660,6480.895311,113.849860,1.000000
113.950970,0.707770,6492.411782,113.950970,1.000000
114.052080,0.808880,6503.938476,114.052080,1.000000
114.153190,0.909990,6515.475394,114.153190,1.000000
114.254300,1.011100,6527.022534,114.254300,1.000000
global_time,t',p,v,a
114.254300,0.000000,6527.022534,114.254300,1.000000
114.355410,0.101110,6538.579898,114.355410,1.000000
114.456520,0.202220,6550.147485,114.456520,1.000000
114.557630,0.303330,6561.725296,114.557630,1.000000
114.658740,0.404440,6573.313329,114.658740,1.000000
114.759850,0.505550,6584.911586,114.759850,1.000000
114.860960,0.606660,6596.520066,114.860960,1.000000
114.962070,0.707770,6608.138769,114.962070,1.000000
115.063180,0.808880,6619.767696,115.063180,1.000000
115.164290,0.909990,6631.406846,115.164290,1.000000
115.265400,1.011100,6643.056219,115.265400,1.000000
global_time,t',p,v,a
115.265400,0.000000,6643.056219,115.265400,1.000000
115.366510,0.101110,6654.715815,115.366510,1.000000
115.467620,0.202220,6666.385634,115.467620,1.000000
115.568730,0.303330,6678.065677,115.568730,1.000000
115.669840,0.404440,6689.755943,115.669840,1.000000
115.770950,0.505550,6701.456432,115.770950,1.000000
115.872060,0.606660,6713.167144,115.872060,1.000000
115.973170,0.707770,6724.888080,115.973170,1.000000
116.074280,0.808880,6736.619239,116.074280,1.000000
116.175390,0.909990,6748.360621,116.175390,1.000000
116.276500,1.011100,6760.112226,116.276500,1.000000
global_time,t',p,v,a
116.276500,0.000000,6760.112226,116.276500,1.000000
116.377610,0.101110,6771.874055,116.377610,1.000000
116.478720,0.202220,6783.646106,116.478720,1.000000
116.579830,0.303330,6795.428381,116.579830,1.000000
116.680940,0.404440,6807.220880,116.680940,1.000000
116.782050,0.505550,6819.023601,116.782050,1.000000
116.883160,0.606660,6830.836546,116.883160,1.000000
116.984270,0.707770,6842.659714,116.984270,1.000000
117.085380,0.808880,6854.493105,117.085380,1.000000
117.186490,0.909990,6866.336719,117.186490,1.000000
117.287600,1.011100,6878.190557,117.287600,1.000000
global_time,t',p,v,a
117.287600,0.000000,6878.190557,117.287600,1.000000
117.388710,0.101110,6890.054618,117.388710,1.000000
117.489820,0.202220,6901.928902,117.489820,1.000000
117.590930,0.303330,6913.813409,117.590930,1.000000
117.692040,0.404440,6925.708140,117.692040,1.000000
117.793150,0.505550,6937.613093,117.793150,1.000000
117.894260,0.606660,6949.528270,117.894260,1.000000
117.995370,0.707770,6961.453671,117.995370,1.000000
118.096480,0.808880,6973.389294,118.096480,1.000000
118.197590,0.909990,6985.335141,118.197590,1.000000
118.298700,1.011100,6997.291211,118.298700,1.000000
global_time,t',p,v,a
118.298700,0.000000,6997.291211,118.298700,1.000000
118.399810,0.101110,7009.257504,118.399810,1.000000
118.500920,0.202220,7021.234020,118.500920,1.000000
118.602030,0.303330,7033.220760,118.602030,1.000000
118.703140,0.404440,7045.217723,118.703140,1.000000
118.804250,0.505550,7057.224909,118.804250,1.000000
118.905360,0.606660,7069.242318,118.905360,1.000000
119.006470,0.707770,7081.269951,119.006470,1.000000
119.107580,0.808880,7093.307807,119.107580,1.000000
119.208690,0.909990,7105.355886,119.208690,1.000000
119.309800,1.011100,7117.414188,119.309800,1.000000
global_time,t',p,v,a
119.309800,0.000000,7117.414188,119.309800,1.000000
119.410910,0.101110,7129.482714,119.410910,1.000000
119.512020,0.202220,7141.561462,119.512020,1.000000
119.613130,0.303330,7153.650434,119.613130,1.000000
119.714240,0.404440,7165.749629,119.714240,1.000000
119.815350,0.505550,7177.859048,119.815350,1.000000
119.916460,0.606660,7189.978689,119.916460,1.000000
120.017570,0.707770,7202.108554,120.017570,1.000000
120.118680,0.808880,7214.248642,120.118680,1.000000
120.219790,0.909990,7226.398954,120.219790,1.000000
120.320900,1.011100,7238.559488,120.320900,1.000000
global_time,t',p,v,a
120.320900,0.000000,7238.559488,120.320900,1.000000
120.422010,0.101110,7250.730246,120.422010,1.000000
120.523120,0.202220,7262.911227,120.523120,1.000000
120.624230,0.303330,7275.102432,120.624230,1.000000
120.725340,0.404440,7287.303859,120.725340,1.000000
120.826450,0.505550,7299.515510,120.826450,1.000000
120.927560,0.606660,7311.737384,120.927560,1.000000
121.028670,0.707770,7323.969481,121.028670,1.000000
121.129780,0.808880,7336.211801,121.129780,1.000000
121.230890,0.909990,7348.464345,121.230890,1.000000
121.332000,1.011100,7360.727112,121.332000,1.000000
global_time,t',p,v,a
121.332000,0.000000,7360.727112,121.332000,1.000000
121.433110,0.101110,7373.000102,121.433110,1.000000
121.534220,0.202220,7385.283316,121.534220,1.000000
121.635330,0.303330,7397.576752,121.635330,1.000000
121.736440,0.404440,7409.880412,121.736440,1.000000
121.837550,0.505550,7422.194295,121.837550,1.000000
121.938660,0.606660,7434.518401,121.938660,1.000000
122.039770,0.707770,7446.852731,122.039770,1.000000
122.140880,0.808880,7459.197284,122.140880,1.000000
122.241990,0.909990,7471.552060,122.241990,1.000000
122.343100,1.011100,7483.917059,122.343100,1.000000
global_time,t',p,v,a
122.343100,0.000000,7483.917059,122.343100,1.000000
122.444210,0.101110,7496.292281,122.444210,1.000000
122.545320,0.202220,7508.677727,122.545320,1.000000
122.646430,0.303330,7521.073396,122.646430,1.000000
122.747540,0.404440,7533.479288,122.747540,1.000000
122.848650,0.505550,7545.895403,122.848650,1.000000
122.949760,0.606660,7558.321742,122.949760,1.000000
123.050870,0.707770,7570.758304,123.050870,1.000000
123.151980,0.808880,7583.205089,123.151980,1.000000
123.253090,0.909990,7595.662097,123.253090,1.000000
123.354200,1.011100,7608.129329,123.354200,1.000000
global_time,t',p,v,a
123.354200,0.000000,7608.129329,123.354200,1.000000
123.455310,0.101110,7620.606784,123.455310,1.000000
123.556420,0.202220,7633.094462,123.556420,1.000000
123.657530,0.303330,7645.592363,123.657530,1.000000
123.758640,0.404440,7658.100487,123.758640,1.000000
123.859750,0.505550,7670.618835,123.859750,1.000000
123.960860,0.606660,7683.147406,123.960860,1.000000
124.061970,0.707770,7695.686200,124.061970,1.000000
124.163080,0.808880,7708.235218,124.163080,1.000000
124.264190,0.909990,7720.794458,124.264190,1.000000
124.365300,1.011100,7733.363922,124.365300,1.000000
global_time,t',p,v,a
124.365300,0.000000,7733.363922,124.365300,1.000000
124.466410,0.101110,7745.943609,124.466410,1.000000
124.567520,0.202220,7758.533519,124.567520,1.000000
124.668630,0.303330,7771.133653,124.668630,1.000000
124.769740,0.404440,7783.744010,124.769740,1.000000
124.870850,0.505550,7796.364590,124.870850,1.000000
124.971960,0.606660,7808.995393,124.971960,1.000000
125.073070,0.707770,7821.636420,125.073070,1.000000
125.174180,0.808880,7834.287669,125.174180,1.000000
125.275290,0.909990,7846.949142,125.275290,1.000000
125.376400,1.011100,7859.620838,125.376400,1.000000
global_time,t',p,v,a
125.376400,0.000000,7859.620838,125.376400,1.000000
125.477510,0.101110,7872.302758,125.477510,1.000000
125.578620,0.202220,7884.994901,125.578620,1.000000
125.679730,0.303330,7897.697266,125.679730,1.000000
125.780840,0.404440,7910.409856,125.780840,1.000000
125.881950,0.505550,7923.132668,125.881950,1.000000
125.983060,0.606660,7935.865703,125.983060,1.000000
126.084170,0.707770,7948.608962,126.084170,1.000000
126.185280,0.808880,7961.362444,126.185280,1.000000
126.286390,0.909990,7974.126150,126.286390,1.000000
126.387500,1.011100,7986.900078,126.387500,1.000000
global_time,t',p,v,a
126.387500,0.000000,7986.900078,126.387500,1.000000
126.488610,0.101110,7999.684230,126.488610,1.000000
126.589720,0.202220,8012.478605,126.589720,1.000000
126.690830,0.303330,8025.283203,126.690830,1.000000
126.791940,0.404440,8038.098024,126.791940,1.000000
126.893050,0.505550,8050.923069,126.893050,1.000000
126.994160,0.606660,8063.758337,126.994160,1.000000
127.095270,0.707770,8076.603828,127.095270,1.000000
127.196380,0.808880,8089.459543,127.196380,1.000000
127.297490,0.909990,8102.325480,127.297490,1.000000
127.398600,1.011100,8115.201641,127.398600,1.000000
global_time,t',p,v,a
127.398600,0.000000,8115.201641,127.398600,1.000000
127.499710,0.101110,8128.088025,127.499710,1.000000
127.600820,0.202220,8140.984632,127.600820,1.000000
127.701930,0.303330,8153.891463,127.701930,1.000000
127.803040,0.404440,8166.808517,127.803040,1.000000
127.904150,0.505550,8179.735794,127.904150,1.000000
128.005260,0.606660,8192.673294,128.005260,1.000000
128.106370,0.707770,8205.621017,128.106370,1.000000
128.207480,0.808880,8218.578964,128.207480,1.000000
128.308590,0.909990,8231.547134,128.308590,1.000000
128.409700,1.011100,8244.525527,128.409700,1.000000
global_time,t',p,v,a
128.409700,0.000000,8244.525527,128.409700,1.000000
128.510810,0.101110,8257.514143,128.510810,1.000000
128.611920,0.202220,8270.512983,128.611920,1.000000
128.713030,0.303330,8283.522046,128.713030,1.000000
128.814140,0.404440,8296.541332,128.814140,1.000000
128.915250,0.505550,8309.570841,128.915250,1.000000
129.016360,0.606660,8322.610574,129.016360,1.000000
129.117470,0.707770,8335.660530,129.117470,1.000000
129.218580,0.808880,8348.720709,129.218580,1.000000
129.319690,0.909990,8361.791111,129.319690,1.000000
129.420800,1.011100,8374.871736,129.420800,1.000000
global_time,t',p,v,a
129.420800,0.000000,8374.871736,129.420800,1.000000
129.521910,0.101110,8387.962585,129.521910,1.000000
129.623020,0.202220,8401.063657,129.623020,1.000000
129.724130,0.303330,8414.174952,129.724130,1.000000
129.825240,0.404440,8427.296471,129.825240,1.000000
129.926350,0.505550,8440.428212,129.926350,1.000000
130.027460,0.606660,8453.570177,130.027460,1.000000
130.128570,0.707770,8466.722365,130.128570,1.000000
130.229680,0.808880,8479.884776,130.229680,1.000000
130.330790,0.909990,8493.057411,130.330790,1.000000
130.431900,1.011100,8506.240269,130.431900,1.000000
global_time,t',p,v,a
130.431900,0.000000,8506.240269,130.431900,1.000000
130.533010,0.101110,8519.433350,130.533010,1.000000
130.634120,0.202220,8532.636654,130.634120,1.000000
130.735230,0.303330,8545.850182,130.735230,1.000000
130.836340,0.404440,8559.073932,130.836340,1.000000
130.937450,0.505550,8572.307906,130.937450,1.000000
131.038560,0.606660,8585.552103,131.038560,1.000000
131.139670,0.707770,8598.806524,131.139670,1.000000
131.240780,0.808880,8612.071168,131.240780,1.000000
131.341890,0.909990,8625.346034,131.341890,1.000000
131.443000,1.011100,8638.631124,131.443000,1.000000
global_time,t',p,v,a
131.443000,0.000000,8638.631124,131.443000,1.000000
131.544110,0.101110,8651.926438,131.544110,1.000000
131.645220,0.202220,8665.231974,131.645220,1.000000
131.746330,0.303330,8678.547734,131.746330,1.000000
131.847440,0.404440,8691.873717,131.847440,1.000000
131.948550,0.505550,8705.209924,131.948550,1.000000
132.049660,0.606660,8718.556353,132.049660,1.000000
132.150770,0.707770,8731.913006,132.150770,1.000000
132.251880,0.808880,8745.279882,132.251880,1.000000
132.352990,0.909990,8758.656981,132.352990,1.000000
132.454100,1.011100,8772.044303,132.454100,1.000000
global_time,t',p,v,a
132.454100,0.000000,8772.044303,132.454100,1.000000
132.555210,0.101110,8785.441849,132.555210,1.000000
132.656320,0.202220,8798.849618,132.656320,1.000000
132.757430,0.303330,8812.267610,132.757430,1.000000
132.858540,0.404440,8825.695825,132.858540,1.000000
132.959650,0.505550,8839.134264,132.959650,1.000000
133.060760,0.606660,8852.582926,133.060760,1.000000
133.161870,0.707770,8866.041811,133.161870,1.000000
133.262980,0.808880,8879.510919,133.262980,1.000000
133.364090,0.909990,8892.990251,133.364090,1.000000
133.465200,1.011100,8906.479806,133.465200,1.000000
global_time,t',p,v,a
133.465200,0.000000,8906.479806,133.465200,1.000000
133.566310,0.101110,8919.979584,133.566310,1.000000
133.667420,0.202220,8933.489585,133.667420,1.000000
133.768530,0.303330,8947.009809,133.768530,1.000000
133.869640,0.404440,8960.540257,133.869640,1.000000
133.970750,0.505550,8974.080928,133.970750,1.000000
134.071860,0.606660,8987.631822,134.071860,1.000000
134.172970,0.707770,9001.192939,134.172970,1.000000
134.274080,0.808880,9014.764280,134.274080,1.000000
134.375190,0.909990,9028.345844,134.375190,1.000000
134.476300,1.011100,9041.937631,134.476300,1.000000
global_time,p,v,a
134.476300,9041.937631,134.476300,-1.000000
135.212661,9140.689659,133.739939,-1.000000
135.949023,9238.899460,133.003577,-1.000000
136.685384,9336.567033,132.267216,-1.000000
137.421745,9433.692378,131.530855,-1.000000
138.158106,9530.275494,130.794494,-1.000000
138.894468,9626.316383,130.058132,-1.000000
139.630829,9721.815044,129.321771,-1.000000
140.367190,9816.771477,128.585410,-1.000000
141.103552,9911.185682,127.849048,-1.000000
141.839913,10005.057659,127.112687,-1.000000
